97	67
91	73
85	67
63	73
50	67
92	67
85	73
73	80
93	60
100	73
87	73
89	73
12	73
97	83
63	60
99	73
87	73
72	73
94	60
96	73
96	53
89	67
32	67
72	60
97	73
73	73
83	67
94	73
35	73
63	60
87	73
85	83
98	60
83	73
92	73
71	73
83	67
91	60
86	60
93	73
99	58
89	60
98	80
93	67
67	73
83	73
17	53
83	53
85	80
86	73
52	73
73	73
83	80
86	83
86	53
94	67
22	73
99	83
27	73
91	73
14	67
77	73
91	73
70	67
36	73
92	67
63	60
63	73
93	67
25	50
92	60
97	67
90	73
91	80
69	73
78	60
88	73
100	73
73	80
63	60
63	73
85	73
95	80
52	33
83	60
97	78
98	73
63	73
93	73
56	83
72	73
94	73
86	67
98	67
92	83
44	60
64	60
83	73
91	60
95	58
90	67
96	60
87	67
23	67
98	67
92	58
83	60
95	73
87	73
85	78
86	58
85	67
56	73
60	83
86	73
98	58
92	73
34	83
99	73
78	73
83	53
79	73
32	53
83	73
56	83
97	73
72	83
96	78
61	73
97	73
99	53
78	67
63	73
72	53
94	83
83	67
89	73
86	58
56	67
83	83
94	73
66	33
99	73
86	60
9	78
85	73
85	73
94	73
71	67
98	67
99	67
85	73
94	73
99	73
100	73
97	80
72	73
100	73
56	67
89	73
92	73
98	73
11	67
13	73
80	42
88	73
96	83
52	80
72	83
46	73
88	50
36	58
85	78
99	73
91	80
86	73
91	42
91	58
95	73
10	89
98	83
96	73
97	73
100	73
88	67
95	73
83	60
83	67
93	73
100	58
87	73
86	73
93	67
89	73
78	67
96	73
83	67
60	80
97	73
18	60
92	73
86	60
87	80
86	73
100	67
72	83
62	73
85	80
67	83
91	80
30	80
94	67
88	60
100	67
93	67
99	73
14	73
89	67
17	83
66	33
95	73
52	58
89	73
95	73
83	73
86	67
93	73
89	67
94	73
14	73
86	83
85	80
88	42
65	89
94	73
88	78
94	58
87	73
69	73
90	73
95	67
88	73
98	73
86	83
90	80
85	67
99	73
83	53
86	73
92	83
92	73
95	78
92	73
85	67
87	73
92	67
90	73
83	73
93	73
52	67
72	53
86	73
86	67
85	80
83	60
73	73
87	80
96	73
92	42
95	58
96	67
93	67
66	73
95	73
94	73
93	73
78	73
83	73
90	67
91	67
63	73
56	73
96	78
99	73
90	73
52	73
97	73
100	73
90	67
57	67
14	89
90	73
89	67
56	80
89	60
92	60
83	67
94	80
89	73
85	67
83	73
65	73
99	58
88	80
98	58
100	73
69	60
18	73
94	73
92	73
99	67
95	53
52	33
17	53
94	78
94	60
93	73
91	67
86	60
99	73
72	73
89	73
99	73
86	50
86	53
87	73
83	73
91	83
93	67
46	73
86	73
72	73
86	53
66	33
56	80
98	53
44	33
88	53
85	67
99	53
92	73
78	53
67	73
90	73
86	78
90	73
85	73
90	73
93	67
90	73
51	67
86	73
83	73
56	73
93	53
85	67
93	83
63	60
54	58
85	83
92	67
98	73
56	83
88	58
28	73
90	73
83	73
66	73
60	73
91	67
67	83
92	73
56	80
84	67
92	78
100	58
89	73
91	73
98	80
92	80
56	73
56	73
96	67
88	73
83	67
97	60
93	73
85	73
93	60
85	67
44	60
86	73
86	73
96	67
93	73
71	67
91	73
87	73
87	73
60	73
87	67
95	67
87	73
87	80
86	73
83	73
78	50
83	53
83	73
100	53
92	83
92	60
97	67
51	80
86	73
96	73
18	67
89	80
83	73
90	73
40	60
86	60
99	73
90	67
89	73
88	53
90	67
85	58
86	67
91	42
85	67
97	58
70	73
100	80
91	60
93	67
72	73
95	73
94	60
95	73
88	73
100	83
85	73
99	73
61	73
93	73
94	73
88	67
63	73
14	73
70	67
56	80
88	73
97	58
91	80
86	67
98	67
86	58
99	73
21	73
72	73
56	73
56	78
86	80
98	60
78	73
99	83
92	83
94	73
56	73
83	73
85	67
94	67
56	67
90	73
63	80
65	73
67	53
99	78
73	73
97	78
86	80
85	83
99	80
100	73
89	73
97	67
95	73
63	83
92	83
18	73
83	60
36	73
83	73
78	60
51	67
46	73
57	53
90	73
95	80
85	67
97	67
83	73
90	67
62	53
86	78
97	73
22	67
99	73
88	73
83	67
72	73
72	73
91	60
85	67
69	33
97	73
60	73
100	73
92	73
91	42
88	73
55	73
85	42
80	60
85	73
98	67
97	67
94	73
100	80
97	83
83	80
98	60
87	83
99	73
86	73
96	80
87	73
86	73
72	67
86	60
97	67
88	73
83	73
93	73
69	60
86	73
89	67
86	83
79	80
95	83
91	80
90	73
98	53
86	80
90	80
32	73
87	73
