93	73
71	73
62	73
71	67
78	73
32	67
93	53
87	60
92	73
94	73
86	67
94	73
83	73
60	67
97	73
90	73
100	73
93	73
63	73
94	73
88	73
78	50
91	67
66	73
72	73
67	67
100	80
96	67
93	67
78	60
89	73
88	58
83	73
72	73
63	78
97	73
83	73
57	83
100	50
87	73
56	73
83	67
86	83
12	73
98	83
42	73
46	73
99	73
75	73
73	53
100	73
83	73
98	67
86	73
98	58
51	60
86	67
91	67
91	58
72	73
39	73
67	53
89	73
89	67
86	53
28	67
88	67
47	67
90	58
86	80
51	78
86	78
85	73
87	67
75	58
56	73
78	73
85	58
80	67
86	67
63	67
63	67
85	58
86	53
83	83
85	80
98	73
96	67
95	60
97	60
56	58
100	73
73	73
98	80
98	58
81	73
88	67
83	73
88	73
83	73
51	67
73	73
89	58
87	73
85	83
92	60
94	73
95	73
91	73
19	78
97	72
87	67
96	83
89	73
86	58
72	73
94	73
86	73
98	67
89	67
97	60
99	73
97	73
86	60
85	53
78	53
98	58
83	73
86	73
66	73
99	67
97	67
89	73
83	67
91	73
51	73
92	73
63	73
26	53
85	53
70	73
83	80
92	83
83	73
83	73
98	73
12	60
66	73
78	80
94	83
95	73
71	73
83	73
92	73
87	67
88	83
75	73
93	60
61	83
86	67
83	73
99	60
72	73
91	73
93	67
43	73
72	58
92	73
46	73
86	67
85	73
96	73
64	83
62	73
54	73
93	80
66	73
86	73
62	73
87	73
81	73
78	73
78	73
87	67
96	67
63	78
89	73
54	80
99	73
92	73
97	73
88	73
100	72
91	83
95	80
99	73
85	73
92	53
57	67
72	73
83	73
81	73
91	73
62	83
94	73
73	73
100	78
86	73
99	73
87	73
86	73
56	67
98	60
78	67
60	60
86	73
88	73
89	67
74	80
95	67
91	73
72	78
88	67
83	83
79	60
86	73
86	73
86	73
92	67
92	73
90	80
96	58
83	73
95	73
83	73
53	67
98	73
69	67
84	67
86	67
78	73
57	73
97	73
86	42
94	60
73	67
99	73
86	67
97	73
100	73
25	60
56	78
59	73
70	83
95	50
97	67
18	73
56	73
89	67
89	73
100	73
83	83
87	73
94	73
93	67
85	67
97	73
78	80
95	58
93	73
56	73
97	53
86	53
72	73
63	60
53	73
97	67
91	67
90	83
86	58
99	73
85	73
78	73
91	73
50	78
93	73
31	80
95	73
100	67
20	42
90	73
85	73
100	67
89	78
92	60
47	53
89	73
94	60
86	73
83	53
100	78
91	80
100	78
87	67
94	33
85	83
97	67
61	53
95	67
31	78
97	67
67	73
30	73
91	73
88	73
91	73
83	73
83	58
92	73
83	73
26	53
99	73
90	73
74	89
97	73
69	67
92	83
84	73
96	67
84	73
93	53
85	53
91	73
99	83
96	73
65	73
87	73
67	67
67	58
86	60
88	83
83	80
65	73
85	67
85	73
83	73
94	73
86	73
90	67
90	73
46	60
97	73
87	83
92	60
99	73
89	67
50	58
85	73
89	67
90	73
59	73
56	73
72	60
91	60
97	73
99	73
78	73
47	73
83	53
86	67
83	73
83	53
94	80
87	73
56	73
72	73
94	80
95	67
89	73
92	73
100	50
65	73
83	80
83	53
98	73
89	67
59	73
89	73
92	60
99	83
72	53
56	73
56	67
86	73
88	67
95	73
72	67
90	60
97	83
85	67
97	53
89	73
85	73
89	58
86	73
45	67
61	53
71	73
56	73
87	73
100	60
85	73
94	83
88	53
86	53
61	73
84	73
51	73
91	67
90	80
56	73
83	73
88	73
85	83
83	73
100	67
63	67
98	73
90	73
99	73
96	53
90	78
86	73
78	73
71	67
45	67
94	73
51	83
62	73
85	73
10	33
90	83
57	73
40	73
60	73
86	67
71	67
97	73
19	73
90	80
83	73
71	73
83	58
56	73
100	58
90	67
76	73
98	78
86	73
85	73
62	73
39	73
78	73
71	67
92	73
91	73
73	73
99	73
90	78
56	67
84	58
95	73
93	60
100	73
100	60
98	73
85	60
78	73
74	67
94	73
90	78
55	33
97	73
56	73
61	73
86	80
85	73
63	73
99	80
66	53
66	80
94	73
90	73
86	53
90	67
83	73
95	83
90	80
90	67
88	80
31	80
97	60
86	73
13	80
95	73
66	50
88	78
56	80
54	80
88	67
86	58
88	78
89	73
98	80
85	53
53	67
72	67
54	73
96	73
89	73
78	73
100	80
99	73
89	50
100	73
95	73
80	67
83	67
86	58
18	58
93	67
21	73
90	60
92	73
85	53
86	53
18	67
88	67
19	73
92	73
80	73
90	67
91	83
90	78
91	73
86	73
74	73
74	83
83	73
34	73
83	73
97	67
95	73
93	58
73	73
72	73
43	73
83	67
100	73
97	53
90	73
92	53
72	83
78	73
53	73
100	58
100	72
83	60
50	67
95	73
85	73
66	73
91	58
46	78
86	67
86	67
100	73
79	60
97	83
90	67
87	67
85	67
54	80
93	73
27	83
86	73
91	78
96	78
85	73
100	80
62	83
91	67
100	73
85	73
99	78
94	73
57	73
88	73
91	78
84	67
59	73
86	60
79	73
56	73
96	60
99	73
91	73
83	67
78	73
66	73
88	80
73	73
93	60
100	60
52	53
62	73
66	73
90	67
31	73
100	67
83	83
97	80
83	73
56	53
94	33
97	53
100	73
90	73
97	67
97	67
92	78
93	73
91	60
97	80
46	73
34	60
71	60
100	73
86	60
95	73
63	67
98	83
88	58
90	73
92	78
41	78
83	73
47	73
83	73
87	73
100	67
95	60
56	73
99	73
94	67
95	73
94	73
56	67
95	80
93	60
98	58
85	73
86	60
93	53
88	83
94	73
70	73
56	60
83	73
71	67
85	58
63	83
83	73
92	60
86	73
87	73
99	60
97	58
100	60
92	73
100	73
86	73
89	67
78	60
91	53
83	67
100	73
88	73
72	83
94	53
86	67
93	83
56	73
100	73
85	53
100	73
83	67
72	73
83	60
56	73
56	60
99	73
86	83
18	73
100	73
78	73
17	80
83	73
91	67
86	73
89	78
85	67
86	73
96	67
89	58
87	73
65	78
30	60
98	67
89	73
84	67
53	67
92	73
90	73
66	73
93	50
90	60
98	67
94	67
86	73
97	53
56	60
90	73
89	67
91	73
88	73
89	73
88	73
85	53
94	67
87	73
99	60
100	73
99	67
92	73
100	67
90	67
98	83
46	60
56	60
99	73
99	67
68	73
61	80
99	58
72	67
92	73
91	73
88	73
87	73
94	67
88	73
83	73
89	73
95	67
34	67
59	78
72	73
60	58
91	73
86	73
93	83
63	67
63	58
83	73
88	73
93	73
55	73
83	73
99	73
86	58
57	73
51	73
74	67
83	50
85	73
56	73
66	83
98	73
56	73
85	73
84	83
100	73
18	58
87	80
95	73
80	73
96	80
53	67
86	67
47	53
91	80
95	73
66	73
36	73
83	80
100	73
88	73
40	60
96	53
56	73
83	80
100	73
91	73
43	73
95	67
87	73
98	60
69	73
83	73
52	73
89	67
98	83
75	73
94	78
60	58
17	80
95	83
83	73
27	73
51	67
51	67
98	73
89	73
95	53
86	58
56	60
99	73
86	67
100	58
89	73
92	67
86	73
94	83
71	73
83	53
94	73
88	58
34	73
91	73
99	60
85	60
91	83
17	83
72	80
83	83
90	60
78	60
99	73
67	60
16	58
60	73
72	73
88	80
100	60
95	73
86	60
86	73
63	78
87	78
92	60
92	73
39	73
86	67
97	83
97	83
86	73
93	78
95	73
100	73
93	73
91	73
95	73
96	67
83	53
91	73
83	80
63	73
78	73
88	73
73	67
46	73
86	67
68	73
85	73
87	73
46	73
100	73
86	67
100	73
86	60
32	73
74	89
91	73
85	73
85	73
92	60
83	73
17	73
83	80
56	60
51	73
100	73
91	53
92	73
83	73
98	67
88	80
46	73
94	73
51	73
63	60
56	73
90	73
99	73
86	58
96	78
63	83
90	73
100	73
50	58
39	73
30	73
94	73
95	73
92	73
83	83
96	73
46	72
90	73
87	73
90	80
98	73
83	67
86	73
100	73
100	73
56	73
86	78
94	73
100	83
86	73
12	50
91	67
94	67
86	73
76	67
83	67
87	73
87	73
98	67
89	67
85	60
90	78
94	73
86	60
56	78
94	73
13	73
56	73
85	73
56	67
95	53
95	73
63	58
85	58
18	58
92	80
97	53
18	67
97	73
61	73
90	53
63	67
96	73
9	67
99	60
92	73
78	73
93	53
83	67
86	50
94	73
96	60
69	73
71	73
56	73
90	80
56	73
98	83
95	67
66	73
94	83
86	58
98	58
98	83
67	67
93	58
59	80
88	67
87	80
80	67
27	73
93	73
67	73
91	73
91	60
98	73
60	73
94	73
88	80
89	53
100	73
83	60
85	80
65	73
73	73
86	67
18	33
91	73
65	67
95	73
85	67
92	73
42	83
9	60
88	67
56	73
86	80
96	67
92	73
94	83
56	73
94	53
89	67
96	73
85	67
56	73
97	67
66	60
78	78
16	53
43	73
93	67
88	67
85	67
10	33
92	78
85	67
21	83
93	60
89	73
77	67
98	53
90	80
89	67
83	73
87	67
86	73
56	73
74	80
77	73
99	73
66	73
61	73
93	73
73	73
87	73
90	67
90	73
63	73
90	67
87	73
96	73
83	67
72	73
91	73
85	73
56	73
32	73
94	67
85	73
100	58
86	73
89	73
99	58
55	67
91	73
93	60
86	73
91	73
95	67
89	73
83	73
91	67
85	73
92	60
88	73
95	67
96	73
90	67
21	73
86	67
86	73
97	73
80	67
91	73
92	73
89	67
90	67
88	73
94	83
90	67
60	73
10	33
94	73
27	83
89	73
94	67
86	73
86	73
97	73
100	60
89	73
89	67
96	73
98	73
32	73
72	73
88	73
95	73
95	73
91	60
100	73
85	73
94	60
83	80
99	67
90	53
75	67
92	83
83	60
93	73
73	53
95	73
100	73
83	67
78	73
90	67
93	67
88	73
92	73
96	73
95	33
86	60
87	53
89	73
73	78
86	60
99	83
98	67
90	73
94	73
100	73
93	67
100	73
90	78
100	73
92	53
89	80
100	78
95	80
17	73
86	73
94	73
83	83
94	73
98	73
100	53
63	67
91	83
97	73
91	58
89	73
89	73
99	73
63	67
61	80
72	73
93	83
59	73
85	73
30	73
63	73
96	73
91	67
93	60
83	73
42	83
88	80
83	73
63	60
89	73
86	73
78	83
85	80
92	73
100	73
93	73
100	73
72	73
85	73
83	60
61	73
83	80
90	78
90	73
93	60
86	60
95	67
90	73
98	67
86	67
73	73
84	67
59	58
33	67
68	73
94	73
91	83
99	73
83	83
92	73
47	67
69	67
100	60
92	53
72	73
98	73
100	73
99	58
72	73
59	60
97	73
94	60
61	53
67	67
97	60
89	73
11	67
66	58
86	73
98	78
94	53
88	80
28	67
71	80
87	67
93	73
91	73
33	67
95	83
61	60
92	60
78	73
86	60
63	67
86	58
92	73
88	83
94	73
100	83
88	58
95	58
98	73
66	73
91	73
86	78
91	73
89	73
42	83
88	60
85	73
61	73
94	80
62	83
67	67
100	58
83	73
96	73
94	73
83	50
83	83
86	73
83	73
92	60
83	58
53	73
88	60
92	67
83	58
67	73
63	83
83	73
91	89
20	67
85	73
98	73
97	73
83	60
56	67
99	60
87	80
99	73
94	67
71	67
100	73
86	60
86	78
65	73
28	83
92	67
86	67
86	73
97	80
85	58
9	60
64	83
94	73
89	73
86	60
97	80
86	73
100	73
97	73
100	67
94	67
94	67
89	73
39	53
92	60
63	73
100	60
32	73
97	73
90	73
86	73
91	58
94	67
93	60
87	73
85	67
70	73
86	83
83	73
46	73
78	67
71	67
83	73
72	73
63	73
100	73
83	73
83	73
95	73
88	73
75	73
100	60
91	73
90	67
93	73
83	73
89	72
71	73
98	83
85	53
88	67
31	78
72	60
87	73
85	73
88	67
88	73
56	73
96	67
93	60
63	73
71	60
100	78
74	83
94	60
75	67
100	67
89	73
92	78
88	73
92	73
100	73
95	73
47	72
63	80
40	73
96	53
90	73
91	73
83	73
86	73
56	73
83	73
97	73
61	67
97	73
78	73
83	73
88	67
94	83
93	83
87	60
71	73
89	67
90	58
99	73
73	73
84	73
85	73
94	73
96	80
90	67
97	60
94	73
88	73
59	73
97	80
56	73
95	73
98	73
87	73
94	83
89	58
88	73
97	73
20	60
99	83
56	73
83	73
89	73
100	67
73	83
83	67
57	73
47	67
87	60
92	78
85	80
83	73
60	80
80	73
53	67
72	73
61	83
33	67
88	67
56	73
74	89
85	53
99	67
83	67
83	53
72	73
66	80
83	53
61	53
56	73
50	67
100	73
93	73
93	60
94	73
96	73
86	73
100	73
17	80
26	67
88	83
85	67
90	67
87	53
99	73
78	80
86	53
71	60
87	73
94	73
99	73
95	60
83	73
86	83
86	89
69	73
70	73
92	78
72	67
65	67
89	73
95	73
78	73
83	73
94	73
87	73
78	83
95	83
60	67
95	80
100	80
94	73
22	73
89	73
89	73
78	73
89	73
87	73
99	58
100	73
87	83
78	73
83	83
97	73
24	73
66	73
94	73
86	73
57	73
83	67
98	73
98	83
53	73
63	60
83	73
91	83
97	73
93	58
100	73
90	53
86	83
96	73
91	83
73	83
56	73
97	80
92	73
67	73
99	73
99	67
99	80
99	73
99	53
56	60
86	73
94	73
90	67
88	73
83	67
90	73
11	73
72	73
97	83
73	73
98	73
86	67
76	73
86	60
88	67
100	60
91	73
90	58
56	73
65	73
78	60
92	53
85	83
72	73
99	73
79	67
88	67
92	78
83	60
95	73
72	73
92	80
92	60
95	73
98	83
96	53
100	73
93	60
92	73
92	73
93	80
86	73
63	89
54	73
67	58
73	83
89	50
46	60
93	73
99	67
94	42
67	73
83	73
84	73
85	58
19	73
90	73
99	67
57	83
79	73
94	53
80	67
96	53
56	80
68	83
80	73
56	89
63	53
56	80
83	73
64	73
83	80
86	60
89	73
85	67
98	58
14	73
51	53
93	67
86	73
62	73
66	73
91	78
85	73
83	80
64	83
91	67
31	78
92	67
79	73
86	73
91	67
92	78
89	73
63	83
100	73
83	73
86	73
43	67
85	67
92	73
100	73
94	83
86	73
50	73
86	80
91	50
90	83
91	73
63	89
92	73
94	53
84	73
94	60
91	60
56	60
56	80
95	83
85	83
87	67
99	73
86	53
90	58
83	73
72	73
91	73
70	83
72	73
51	80
83	78
62	83
97	73
66	73
73	73
63	60
89	50
89	60
95	58
83	73
36	73
59	58
88	73
72	73
86	73
66	73
85	73
20	60
93	67
85	73
27	73
96	83
96	73
56	73
87	73
66	73
91	73
100	73
100	73
94	67
89	73
97	73
93	73
51	73
97	53
93	50
92	73
53	73
98	67
83	73
22	53
86	73
91	73
95	73
28	53
61	67
98	67
75	60
97	73
83	73
56	60
97	67
71	60
97	73
83	78
84	83
89	80
100	60
85	53
97	67
67	73
94	42
83	67
91	50
45	73
56	83
56	73
74	83
87	73
85	73
86	58
92	73
63	89
83	67
34	73
63	60
96	73
40	73
98	67
52	73
91	67
98	67
99	53
98	78
100	73
87	73
88	67
98	78
91	58
85	73
80	67
88	73
85	83
96	73
43	78
89	73
88	58
97	67
91	67
87	78
63	53
96	53
98	83
56	73
51	72
95	73
93	73
98	60
86	73
97	73
66	58
99	73
97	73
86	67
46	73
95	58
61	73
86	73
86	73
85	67
88	72
66	50
89	73
87	73
36	73
97	73
56	73
14	53
83	73
99	73
89	83
78	80
78	73
83	67
64	73
100	53
73	73
56	73
86	67
34	73
72	73
52	53
88	53
90	73
97	67
86	73
85	58
79	60
91	73
87	73
85	83
89	67
92	73
36	73
74	80
86	67
89	73
91	73
92	73
89	73
43	73
79	78
46	73
56	73
91	53
88	73
34	73
99	73
91	67
57	73
80	73
86	53
96	67
99	73
85	67
56	73
66	67
83	73
100	73
74	73
96	73
94	73
89	67
95	73
91	83
86	33
90	58
85	73
83	73
84	67
92	60
89	58
88	67
97	73
89	50
89	73
96	73
99	73
83	73
100	89
88	73
72	73
99	60
90	67
92	73
72	78
95	73
91	73
89	80
92	67
97	73
97	73
96	73
64	73
19	78
100	80
88	73
83	67
89	73
85	73
87	73
98	73
83	73
83	80
86	58
86	80
56	67
83	60
99	60
87	73
95	80
72	67
67	73
90	73
86	67
77	73
63	73
77	80
86	60
99	67
89	73
83	58
95	73
100	73
83	73
94	73
87	67
83	73
92	73
67	80
90	73
85	73
97	73
87	73
86	73
77	53
98	73
99	78
85	67
92	78
56	73
89	73
87	73
78	73
100	58
12	73
55	33
96	80
96	67
90	73
88	58
90	67
91	60
100	58
83	73
96	53
100	73
61	67
89	73
90	73
78	73
71	73
85	73
63	73
56	73
88	73
74	60
61	60
83	73
91	73
92	83
52	67
83	60
100	67
94	80
89	73
85	53
87	67
86	60
88	73
83	83
91	67
93	67
56	73
18	73
53	73
92	60
95	73
85	83
83	53
87	83
78	73
83	73
86	73
63	78
83	73
86	60
98	58
86	73
67	73
90	60
100	73
46	73
66	73
91	67
95	60
88	73
87	73
85	58
100	73
100	73
90	73
56	67
87	67
90	73
17	73
89	67
62	73
94	60
63	73
86	80
56	67
89	72
31	73
68	80
94	67
60	58
56	60
82	73
63	50
83	60
83	73
28	73
94	83
100	67
83	80
88	73
100	73
56	60
95	67
87	73
31	80
47	67
14	73
56	73
85	73
43	78
96	80
97	67
97	73
86	73
83	73
50	58
100	73
71	67
98	73
91	78
94	67
86	67
27	73
98	73
86	73
88	73
83	73
91	60
90	60
62	73
78	73
95	73
56	67
86	67
78	67
87	83
97	67
86	73
86	73
75	67
89	67
86	60
86	73
57	73
97	73
80	67
97	67
98	53
18	67
97	67
86	58
79	53
43	73
72	67
94	73
86	73
100	80
51	72
73	80
86	73
100	73
94	73
86	33
83	73
66	83
96	67
83	73
70	73
30	60
96	58
92	80
86	73
72	80
63	67
56	60
86	73
96	83
99	73
89	53
94	60
85	67
46	60
88	73
16	73
91	67
86	80
85	67
56	80
89	67
63	67
12	73
70	67
83	67
95	67
96	80
87	73
96	73
87	50
100	78
94	58
83	73
83	53
86	83
74	73
95	73
73	73
67	58
92	80
83	73
99	67
91	60
43	58
90	73
86	67
86	73
92	73
72	73
22	73
83	73
51	73
66	73
96	50
85	73
80	78
56	73
60	58
91	73
74	80
86	73
92	60
90	73
56	73
100	73
99	73
83	53
99	72
88	67
73	67
92	60
91	80
85	83
53	67
93	73
83	73
89	73
88	73
60	67
78	50
98	67
87	89
94	83
95	73
99	83
86	67
63	73
72	73
85	73
53	73
94	73
56	60
56	73
92	67
84	60
83	67
67	53
87	80
98	73
92	67
92	73
98	53
42	73
86	60
86	73
97	83
90	67
92	78
100	73
83	73
88	73
79	60
93	73
84	73
97	67
74	83
85	60
95	80
87	67
92	60
95	73
90	53
80	78
92	78
90	83
94	73
92	73
86	73
92	78
72	80
42	73
100	78
86	58
100	73
94	67
88	73
66	73
86	67
89	73
72	67
90	73
92	73
92	73
47	67
100	83
86	83
90	58
90	83
86	53
92	73
59	73
53	67
94	73
88	80
87	73
99	73
100	53
90	73
34	60
91	78
99	73
85	73
99	73
100	78
85	58
100	73
91	73
88	73
99	73
72	67
94	67
99	80
98	83
96	67
88	67
92	73
99	67
56	60
42	53
56	67
92	60
96	83
88	67
85	80
86	73
90	80
70	83
91	78
90	73
86	60
83	73
86	67
12	73
59	73
66	73
92	60
86	58
86	78
72	73
72	83
94	67
83	73
67	53
90	73
94	73
72	73
83	80
92	78
97	73
89	78
90	80
73	83
84	73
66	67
95	83
93	67
92	78
86	67
100	58
94	73
56	60
92	78
71	73
83	83
93	60
89	73
86	73
66	73
89	78
94	83
93	53
56	73
43	67
83	67
90	80
85	73
94	73
72	50
91	67
95	73
83	80
86	53
12	60
62	73
57	83
80	78
93	73
92	83
18	58
56	73
85	73
85	67
94	73
89	73
39	53
30	73
88	73
96	83
83	80
99	67
83	67
98	73
99	83
100	73
77	73
56	73
63	89
95	58
72	60
31	73
99	80
46	78
100	73
93	83
88	73
100	73
96	67
99	73
85	73
84	73
87	73
92	73
90	60
34	50
97	67
100	73
17	80
74	67
89	73
86	73
51	83
86	67
71	60
33	67
88	73
100	67
89	53
100	60
89	73
85	73
52	73
90	73
90	73
97	67
92	80
84	58
85	73
98	80
93	67
83	73
91	60
82	67
74	83
87	80
60	67
85	53
85	73
88	73
24	73
32	73
90	53
94	60
89	67
24	73
90	73
93	73
34	73
86	73
52	73
85	73
72	60
90	73
64	33
99	73
88	67
97	73
94	73
61	73
85	73
96	73
86	73
85	73
89	73
95	73
98	73
99	67
66	73
90	83
86	67
85	53
51	78
83	78
79	78
17	73
93	73
73	73
63	73
97	73
90	67
56	80
98	60
97	83
86	67
83	60
85	73
90	73
21	83
86	73
90	83
89	67
65	78
67	53
83	60
91	67
17	73
98	53
89	60
100	73
91	50
22	83
97	73
70	73
60	83
72	58
97	60
83	73
94	83
88	73
67	67
17	83
88	73
88	67
34	73
100	73
55	33
86	58
91	67
94	53
98	73
62	83
17	73
73	73
67	67
99	60
100	73
73	80
63	67
90	67
53	67
90	58
85	73
90	73
94	67
89	58
65	67
74	73
56	53
12	73
89	73
63	78
99	73
78	60
51	73
95	60
93	80
55	73
90	67
78	73
87	53
83	73
83	60
43	73
67	73
89	67
94	73
46	73
91	53
67	53
91	73
86	73
60	60
43	78
98	58
97	73
86	73
59	58
86	67
95	67
94	83
98	67
72	73
56	73
47	80
88	83
96	80
85	80
89	80
52	73
85	67
100	73
89	73
56	83
76	73
88	67
66	73
100	83
87	67
83	73
97	67
53	73
100	58
99	67
78	73
96	73
84	67
63	67
97	73
97	67
16	73
66	73
63	78
72	58
87	67
92	73
87	60
86	73
63	73
92	60
85	60
64	73
90	58
83	58
96	67
92	78
86	73
83	83
36	73
95	73
86	73
62	73
83	73
94	83
88	80
83	50
87	73
85	60
89	53
61	53
99	73
100	73
89	80
92	73
97	53
96	73
97	73
97	58
91	73
94	60
63	60
93	67
91	73
97	53
60	73
70	67
93	67
35	53
87	83
87	73
95	73
83	67
96	67
86	60
51	73
78	73
94	42
89	50
86	60
28	60
88	73
91	73
86	73
85	67
85	73
94	83
28	60
92	73
100	80
95	73
67	53
83	73
85	73
96	73
95	83
92	60
72	73
99	73
94	73
93	73
71	83
91	58
83	73
95	73
83	50
100	60
100	53
97	73
90	60
51	67
86	83
100	80
86	83
62	60
89	73
63	60
85	73
88	67
86	67
68	73
87	73
61	80
94	73
18	83
52	73
90	78
54	73
83	78
93	67
84	67
87	60
99	83
71	60
96	73
94	42
96	73
89	73
76	73
83	73
83	67
91	73
91	67
89	73
86	60
97	67
100	67
100	73
93	83
85	73
100	73
96	67
91	67
98	60
94	58
67	78
71	67
93	73
95	67
19	67
83	73
51	72
67	78
95	80
83	73
86	78
83	73
87	73
11	67
81	60
100	73
70	73
85	73
56	67
70	83
79	73
98	73
86	73
86	58
86	67
100	60
95	73
88	78
83	73
87	83
94	67
94	67
84	73
86	83
96	73
93	73
89	50
89	73
90	67
71	73
98	53
57	73
99	80
99	72
78	73
93	73
87	89
90	80
20	60
99	67
95	73
91	67
95	83
63	73
72	73
90	73
99	60
86	58
89	67
68	83
99	42
98	73
83	73
50	78
93	67
94	73
72	73
97	80
83	73
93	80
97	67
72	73
90	73
86	50
83	80
90	78
94	73
94	73
78	60
99	67
84	73
96	73
86	73
97	73
97	73
97	67
63	67
85	53
91	73
100	67
85	67
94	80
83	83
59	60
96	73
86	83
48	73
85	67
96	83
83	73
91	73
73	73
71	83
96	53
100	73
94	73
99	73
69	83
99	60
99	78
100	73
88	83
46	73
96	83
85	58
42	67
100	73
99	67
59	80
66	73
89	60
98	73
94	80
84	67
61	53
91	73
96	80
18	73
86	73
36	73
98	73
72	67
86	80
92	80
67	73
63	58
87	73
60	73
85	73
86	73
95	73
91	53
90	80
71	67
97	73
83	67
85	67
89	80
83	67
86	73
35	53
83	73
97	73
94	80
56	73
97	73
93	50
90	73
87	67
89	83
99	73
88	67
91	67
94	73
83	73
16	80
61	73
96	73
91	83
83	83
89	73
92	73
92	78
86	83
26	53
93	80
50	78
87	73
90	60
86	73
67	73
85	73
83	73
100	73
39	73
78	67
56	73
63	78
90	73
86	60
87	80
86	73
95	83
86	60
63	67
34	73
83	83
95	67
66	80
87	60
90	73
92	60
89	80
85	73
95	80
98	60
85	73
27	73
87	67
88	73
94	53
86	80
74	73
92	73
85	67
94	73
26	67
100	53
72	73
83	80
71	73
91	83
18	58
90	73
72	73
93	73
85	67
56	73
83	60
92	67
78	60
65	67
98	58
83	67
86	73
83	60
86	73
92	53
63	60
83	73
89	67
91	83
97	67
56	60
85	73
77	80
99	60
98	67
85	73
91	73
99	73
56	73
85	73
51	67
89	67
63	60
85	53
93	73
87	67
55	73
98	73
55	67
92	78
36	73
63	78
92	60
83	73
63	73
89	67
94	33
97	53
56	83
67	73
94	60
91	80
81	73
85	60
85	73
54	73
98	73
97	58
95	53
63	53
40	60
90	58
71	73
87	67
94	67
80	67
35	53
85	73
85	73
84	73
90	73
72	73
96	67
72	73
66	73
94	67
55	33
98	73
87	73
99	67
99	73
92	73
86	80
96	73
89	73
98	73
88	67
90	73
85	73
96	73
96	80
56	73
96	83
78	73
22	73
95	73
100	73
98	73
31	73
87	73
17	80
55	73
86	73
88	83
89	53
83	60
61	60
88	67
93	50
56	78
78	73
89	73
90	73
98	73
34	73
93	58
100	58
89	53
42	67
96	83
91	73
85	53
97	58
88	67
96	83
72	73
92	73
86	53
88	60
19	73
83	67
64	67
56	80
51	67
90	73
98	83
19	73
87	67
89	67
83	73
86	73
83	50
100	73
83	78
90	53
96	73
99	67
87	80
85	78
95	73
86	58
90	67
100	73
96	58
83	73
32	73
85	73
92	73
78	73
83	58
93	67
96	73
63	67
73	80
97	72
18	73
73	73
83	58
95	73
88	73
66	73
89	73
94	60
85	73
99	53
97	67
20	60
99	73
90	60
86	60
98	73
72	67
100	58
25	60
72	83
93	53
56	73
78	53
91	67
68	73
68	80
83	73
56	73
64	83
67	60
97	53
78	73
83	73
85	80
95	53
83	73
91	73
42	73
83	53
56	73
65	67
95	58
71	60
62	73
83	83
95	58
83	73
87	60
12	60
88	73
91	73
90	83
85	60
92	78
64	73
94	83
72	33
56	73
96	67
71	67
81	73
93	80
87	73
85	73
97	73
78	73
98	73
61	80
83	73
96	73
69	53
90	78
66	80
98	73
14	73
99	73
74	73
94	73
61	53
83	53
95	73
86	73
100	73
91	78
63	73
65	73
67	73
67	60
63	58
89	83
43	58
95	73
85	58
85	80
90	80
86	83
93	73
69	73
50	73
95	83
89	73
68	83
91	78
61	53
12	78
95	33
92	67
61	53
96	80
88	78
64	73
92	78
100	60
86	67
89	80
82	67
63	67
86	83
93	53
98	73
17	73
42	53
87	73
86	53
99	89
85	60
78	53
11	67
95	73
86	73
95	73
56	80
86	73
91	73
72	73
95	58
97	73
9	60
83	83
86	73
97	73
86	53
87	83
75	60
63	67
90	80
88	73
100	73
93	73
96	83
94	67
85	73
90	73
97	73
89	73
99	73
56	73
86	67
83	73
55	67
86	73
86	42
85	73
89	73
56	60
86	73
100	67
99	83
83	73
96	73
60	58
89	78
86	73
66	73
91	73
95	73
83	67
99	67
63	67
91	73
20	67
97	67
94	67
87	67
66	73
94	67
83	73
85	60
97	73
72	73
78	60
97	60
87	73
90	73
86	73
88	73
85	73
90	80
86	67
73	73
94	53
78	80
57	67
100	80
78	60
92	78
12	73
98	73
99	89
100	53
100	60
73	80
99	83
83	73
67	73
83	67
51	80
61	67
91	58
96	73
90	80
67	60
98	67
87	73
86	73
36	73
26	73
83	73
94	53
91	67
78	73
61	67
97	73
99	73
56	73
87	67
100	73
98	67
83	58
94	73
72	89
56	73
94	73
45	73
85	67
78	80
88	80
99	67
63	67
74	73
36	73
90	73
89	67
98	73
91	73
83	73
83	67
91	73
94	60
65	67
61	73
92	73
78	73
94	73
51	73
99	80
92	80
85	83
100	73
93	73
72	67
97	67
83	73
21	73
88	83
87	60
92	67
85	73
84	73
95	73
85	73
93	73
63	83
51	78
86	80
12	73
90	53
89	80
91	67
83	60
97	73
86	73
98	73
83	58
73	80
56	73
56	73
75	73
87	73
43	60
86	73
65	73
99	42
98	67
89	73
100	67
85	80
97	73
86	73
84	83
97	58
90	67
99	73
83	60
95	73
63	83
98	53
85	73
85	58
72	53
73	80
83	80
93	83
90	73
88	67
97	80
56	73
99	73
87	73
83	73
70	83
78	60
93	73
83	73
86	80
88	78
98	73
95	73
56	60
83	73
86	67
98	83
56	67
89	80
95	73
43	58
86	67
47	67
54	73
87	80
93	67
99	72
91	80
100	73
67	73
93	78
91	73
98	33
51	60
83	73
97	73
86	73
17	73
13	73
91	80
83	50
88	80
83	73
92	73
47	67
99	73
86	73
86	73
98	73
52	67
55	73
89	73
88	73
100	73
63	73
90	60
88	58
86	73
99	73
98	73
98	73
83	67
91	73
86	73
84	67
100	67
86	73
28	67
73	83
61	67
89	80
90	67
84	73
65	73
90	73
94	67
86	80
87	73
50	73
89	73
68	80
72	50
94	67
72	67
53	53
84	67
99	80
88	67
83	60
82	33
79	53
57	67
56	80
99	73
94	73
88	60
65	78
72	60
86	73
96	73
86	78
94	67
90	73
91	80
85	73
86	73
17	73
91	67
100	67
84	73
56	73
99	73
88	67
90	73
72	60
72	58
96	50
92	67
86	67
63	83
66	58
91	73
87	73
91	73
94	73
83	80
97	53
83	83
88	80
78	73
100	67
90	80
98	67
85	58
88	73
90	73
86	73
94	78
99	58
46	73
92	83
72	67
98	67
91	60
93	67
90	53
78	73
87	73
85	83
74	60
92	60
22	73
98	60
85	60
83	73
100	73
78	53
14	53
64	83
89	83
97	73
73	58
19	67
71	83
100	73
72	73
97	67
95	67
94	67
100	73
91	60
27	73
91	67
100	73
83	73
78	67
83	53
66	67
61	53
98	67
85	73
86	60
64	73
30	73
92	60
63	53
96	67
99	80
86	53
87	80
86	73
84	73
85	60
83	67
91	58
87	83
66	73
89	73
66	73
94	80
83	73
100	73
28	60
83	53
85	73
100	73
85	73
88	67
17	73
99	73
79	73
68	73
57	73
96	67
95	58
91	73
83	80
87	73
83	60
23	58
90	67
78	73
86	73
43	73
99	73
83	80
86	73
97	83
43	60
89	73
98	67
43	67
83	53
63	60
63	67
56	67
97	53
94	73
92	73
100	73
92	67
96	73
86	73
62	73
51	78
77	80
85	73
92	78
72	89
78	60
77	53
86	60
63	73
85	67
57	73
95	73
94	80
90	67
94	73
92	73
83	73
90	67
83	73
88	80
18	53
100	78
94	73
63	60
99	83
97	53
100	73
91	80
93	73
96	73
73	73
51	60
93	73
89	53
83	73
86	73
45	73
97	73
20	60
95	67
68	73
63	83
86	80
96	73
86	67
88	60
71	67
86	73
92	78
89	60
94	73
92	73
94	73
91	53
99	73
85	67
93	73
56	73
88	67
99	73
90	73
84	67
84	60
97	53
42	73
83	73
94	73
79	53
61	53
88	60
70	83
28	67
62	67
100	67
90	73
40	73
46	73
92	73
73	83
72	67
95	73
88	73
86	80
85	73
72	60
18	60
66	50
100	73
91	73
83	73
94	83
95	67
71	73
72	58
89	73
76	73
86	73
51	60
88	67
94	73
59	58
100	78
72	73
90	67
85	67
89	80
34	73
71	67
90	78
36	73
88	60
83	73
64	58
95	73
79	60
100	73
89	67
83	53
88	73
66	73
46	60
11	73
98	67
95	73
54	67
74	73
96	73
89	73
90	67
46	78
93	67
82	67
85	73
83	67
90	73
70	60
85	60
86	67
18	73
99	73
85	80
78	73
99	73
86	73
100	80
87	73
86	53
83	78
19	67
86	67
90	80
97	60
97	73
83	67
88	60
96	73
83	73
63	60
88	73
88	80
69	73
96	83
18	73
97	73
18	53
96	53
85	73
91	67
91	58
80	67
21	73
99	73
85	73
93	73
56	60
40	60
78	60
87	78
56	80
83	73
94	73
92	73
94	53
78	73
63	73
91	67
86	73
72	73
100	89
52	73
89	53
83	73
78	83
85	83
99	73
85	80
84	80
59	78
28	67
97	67
78	60
53	53
40	60
61	67
34	60
93	78
90	58
71	83
80	73
90	73
99	73
59	73
96	80
71	83
57	83
66	83
90	73
63	73
100	67
83	73
97	73
85	53
100	80
97	80
97	67
67	58
42	73
95	73
32	83
83	73
87	73
100	73
92	67
97	73
86	73
99	53
83	73
89	67
55	73
86	80
83	60
86	67
94	73
100	73
76	67
99	73
60	58
88	67
95	80
83	73
86	73
90	73
78	58
85	53
86	73
88	73
83	73
88	60
62	73
56	73
93	73
89	53
83	83
93	73
73	67
56	73
83	58
91	67
90	60
98	67
59	73
93	73
89	80
96	60
83	67
63	73
97	80
98	67
35	53
99	73
78	73
88	78
99	60
85	60
98	73
43	78
91	67
96	67
93	80
63	78
97	53
82	67
94	73
14	53
73	58
68	80
83	73
99	73
98	73
86	58
99	60
71	73
96	73
92	60
87	73
57	83
86	58
97	50
83	80
84	83
83	73
91	73
83	73
99	67
62	83
96	58
92	73
97	73
72	67
100	67
83	60
91	67
83	60
90	83
97	83
65	73
85	83
97	73
94	83
87	67
86	67
98	67
90	80
94	73
91	58
86	60
93	60
100	73
85	67
99	73
85	73
98	78
87	73
95	73
92	73
86	80
69	73
100	73
73	73
86	53
97	73
92	83
89	73
93	67
93	73
85	80
56	73
87	73
74	67
87	73
93	67
98	73
93	73
89	73
72	73
100	73
91	78
72	73
100	80
86	73
95	67
89	73
92	78
97	67
82	73
94	60
99	73
84	80
56	67
98	73
83	73
87	67
69	83
28	67
86	80
94	67
85	73
9	73
57	73
86	67
83	78
78	73
93	73
88	78
18	83
86	73
83	73
97	73
59	73
99	73
89	58
99	73
95	73
99	73
96	73
56	67
90	73
56	53
88	73
74	67
88	60
99	67
89	73
53	73
51	78
98	67
99	67
83	83
93	73
90	73
31	80
85	67
92	83
