72	73
83	73
99	73
93	83
78	73
94	73
100	73
65	73
83	73
87	73
63	73
36	83
85	73
83	73
90	73
87	60
73	60
89	60
88	73
92	67
83	50
90	67
92	73
85	58
86	73
12	73
90	73
98	73
90	73
87	73
73	50
93	80
78	80
91	83
100	73
83	73
99	73
97	73
100	73
17	73
86	60
84	67
90	67
86	73
92	73
86	78
88	60
97	67
91	60
91	67
83	67
94	73
28	73
97	73
72	73
96	73
91	80
89	73
71	80
87	73
89	73
18	73
59	80
86	53
83	60
83	72
95	73
63	73
93	67
95	53
94	80
32	83
99	73
39	73
65	80
99	73
85	67
66	73
63	67
98	67
98	58
55	83
83	67
86	58
100	67
79	73
99	73
83	60
46	78
83	73
86	73
94	73
95	53
70	73
96	73
94	78
71	73
11	67
100	83
91	73
78	73
94	67
63	67
93	73
86	73
85	60
93	73
85	73
87	58
98	73
92	78
56	73
89	73
53	73
59	53
85	67
83	60
17	73
85	83
86	72
95	67
95	53
87	73
92	73
56	73
79	80
100	73
65	73
72	73
83	73
94	73
85	67
89	60
96	73
23	67
91	67
59	73
87	67
51	73
83	80
97	73
91	83
88	73
55	73
19	78
93	67
84	73
56	58
92	73
91	60
89	60
93	73
78	73
20	83
86	73
99	83
90	80
88	67
93	80
72	73
100	73
90	72
53	73
76	67
78	73
99	73
86	67
83	73
83	73
99	58
85	73
94	73
95	73
100	73
85	73
56	73
85	73
16	73
34	67
96	80
100	60
91	73
61	67
93	83
93	83
72	73
34	53
91	73
96	83
83	67
96	73
94	60
69	60
53	83
95	73
57	58
98	73
86	73
89	73
85	67
83	80
100	73
74	73
86	73
78	73
99	80
87	80
91	73
98	73
84	73
97	73
63	67
91	73
99	73
86	83
99	73
87	83
91	67
56	83
100	73
72	78
83	80
78	73
99	73
87	73
83	73
66	67
100	83
99	83
50	73
85	73
51	58
100	83
78	73
95	73
83	60
92	67
95	67
86	73
94	73
99	73
88	73
68	83
87	80
86	67
100	67
79	73
99	73
96	73
99	67
94	78
47	80
94	67
98	80
63	73
100	73
86	73
83	73
48	83
92	60
85	67
83	73
56	83
18	73
56	53
87	67
66	73
95	73
27	73
88	67
83	83
88	60
78	73
89	73
72	67
94	73
85	67
96	78
72	78
85	67
72	73
70	60
92	73
99	73
100	73
86	83
98	80
22	73
72	73
98	53
51	58
100	67
83	73
57	58
88	73
60	67
56	67
46	73
89	73
83	73
93	67
83	73
56	73
76	60
91	67
87	67
90	73
98	73
87	80
94	67
96	72
71	67
30	73
92	73
86	73
57	73
86	53
56	78
91	73
97	73
98	83
42	60
85	73
63	73
88	78
87	60
93	73
84	73
76	73
90	67
83	73
87	73
78	80
70	73
88	60
78	60
63	67
83	80
100	73
91	73
94	83
93	83
89	67
98	67
96	67
94	53
95	58
79	67
88	67
63	73
43	73
83	73
90	73
64	53
63	83
99	67
100	73
67	53
74	73
72	78
93	73
90	72
87	73
56	73
83	80
86	53
90	73
86	60
67	67
86	60
86	60
78	73
99	73
88	73
91	60
78	73
100	67
85	67
66	60
21	83
91	83
98	58
100	67
90	73
87	58
96	67
100	53
88	53
89	83
86	73
94	58
80	58
99	73
85	73
22	53
96	73
86	53
31	60
85	83
66	67
99	67
8	73
92	73
69	73
99	73
87	60
72	80
63	60
95	73
51	73
99	67
91	83
98	67
47	58
91	73
96	78
91	73
63	73
86	67
56	80
87	73
93	83
51	73
51	73
88	80
100	73
97	73
86	73
72	78
90	73
28	80
63	73
100	73
86	67
63	67
83	53
85	67
95	73
99	73
14	73
91	73
11	67
56	73
91	67
83	73
78	33
61	67
86	73
86	78
96	73
85	83
97	53
78	67
51	80
56	73
87	73
88	42
83	58
46	67
53	78
20	73
93	83
88	73
57	67
89	73
93	53
91	73
85	73
97	78
51	73
98	53
97	67
93	73
88	60
85	73
72	73
79	60
85	73
61	73
85	73
89	53
60	78
67	78
86	73
38	73
87	73
51	80
97	80
20	73
85	67
85	89
97	60
63	73
90	80
66	53
83	73
96	73
83	73
93	67
43	83
93	73
69	73
86	67
94	73
92	73
86	73
83	67
93	67
72	42
99	73
93	73
83	73
55	73
42	73
21	60
98	60
83	73
63	60
83	50
79	73
67	58
85	73
85	73
78	80
86	73
83	67
97	67
61	67
93	73
87	73
91	73
99	73
78	73
100	73
87	60
99	73
84	80
12	67
86	80
86	58
98	83
91	73
93	73
87	73
87	80
100	73
89	80
83	58
86	73
96	73
78	73
83	50
99	73
86	73
86	73
82	80
91	83
73	60
91	58
59	80
92	53
86	67
99	80
86	73
100	73
94	58
93	58
26	73
99	73
83	73
99	73
90	67
67	67
97	67
66	67
85	67
83	83
93	83
89	73
92	67
99	73
95	67
72	73
90	60
90	73
100	73
93	73
88	73
87	73
98	53
94	73
94	67
94	73
85	73
91	67
50	73
88	73
24	72
96	83
56	58
85	73
92	67
22	83
85	60
90	73
67	67
90	67
71	78
92	60
86	80
85	67
98	58
63	73
27	73
51	73
86	73
85	67
91	67
47	58
71	73
66	42
86	67
90	73
83	73
86	73
93	73
83	73
100	73
83	73
85	58
90	73
55	53
83	73
83	73
34	67
91	73
54	73
86	73
93	73
85	67
86	67
86	73
84	60
93	73
88	83
99	73
91	67
85	73
70	83
86	73
56	67
83	73
70	60
92	58
93	73
91	73
88	73
86	73
92	60
91	67
96	73
87	53
78	50
93	73
92	73
70	73
63	60
51	58
87	60
70	60
78	60
64	53
66	80
63	73
88	73
86	53
85	89
19	78
100	83
96	73
90	67
18	73
83	53
89	78
85	73
90	73
63	73
67	60
94	73
86	73
94	73
26	60
86	67
95	53
60	73
78	73
96	60
95	73
85	73
98	73
96	72
66	73
87	58
97	60
91	73
95	53
97	67
90	73
67	80
63	73
86	73
94	80
86	60
83	60
87	60
83	73
83	73
90	73
99	73
66	73
85	67
93	73
86	73
86	80
83	73
85	60
74	60
100	67
56	73
86	73
99	67
97	73
88	67
28	83
97	73
88	73
91	67
99	67
99	73
91	73
94	73
87	53
94	67
89	73
85	58
66	67
98	73
99	53
98	73
83	50
92	60
86	73
72	73
90	73
94	60
83	73
84	67
71	80
85	60
100	67
97	60
13	73
100	73
83	80
93	67
85	60
98	58
12	73
86	73
65	73
98	83
91	83
79	73
72	58
86	67
97	67
9	72
94	73
98	53
98	60
90	73
83	73
85	67
78	58
85	73
63	73
86	73
85	73
83	73
99	73
78	73
38	73
63	73
88	58
96	73
94	73
56	73
97	73
93	67
57	58
86	73
93	73
86	67
56	60
85	60
28	73
91	80
100	73
63	67
92	73
69	60
88	73
86	67
98	53
63	78
78	80
97	73
91	73
56	73
52	83
95	67
87	73
51	73
56	80
93	73
66	80
90	73
95	80
98	73
67	80
86	73
63	67
79	73
93	83
96	73
69	60
78	73
63	53
86	73
92	67
88	58
88	73
90	60
86	67
78	73
85	67
93	83
89	73
83	53
100	78
88	83
95	73
95	73
98	73
72	78
83	73
86	73
71	80
94	67
92	73
78	73
76	60
98	83
28	73
9	72
99	73
98	67
14	73
86	83
62	60
97	73
99	83
99	73
98	53
72	73
93	67
90	73
83	73
95	53
70	60
100	73
85	73
93	73
96	67
92	73
86	73
96	67
100	67
85	67
86	80
78	73
83	83
95	67
59	73
97	73
62	60
86	73
27	73
72	73
97	60
87	73
89	73
85	73
91	73
91	58
89	78
91	73
84	42
88	80
83	73
98	67
86	53
27	67
100	73
98	67
86	73
86	73
43	83
85	73
87	67
90	58
85	67
95	73
90	80
59	67
85	73
85	73
92	67
88	53
97	73
99	83
87	53
51	73
91	58
93	73
90	73
86	73
83	73
94	67
96	53
91	60
88	67
88	73
97	67
74	73
83	73
97	58
67	58
90	73
59	60
98	73
61	83
91	73
100	80
92	83
87	73
100	73
79	73
90	73
59	67
91	73
91	73
85	83
65	73
96	73
62	73
96	73
83	53
21	67
86	73
47	83
96	73
88	73
89	83
50	60
63	73
96	73
100	73
98	83
99	73
78	73
87	73
78	73
66	67
94	83
97	73
56	67
91	67
90	60
86	53
87	60
96	67
93	73
97	58
38	73
92	73
70	73
94	67
86	80
99	73
95	73
96	78
78	73
63	80
89	67
72	58
57	58
72	73
92	58
33	80
88	67
20	78
98	73
96	73
72	73
23	73
95	58
78	53
73	73
24	72
52	67
38	73
95	73
98	73
93	73
63	73
85	73
96	73
90	73
86	72
72	73
99	73
86	73
89	73
88	73
83	73
66	60
83	73
93	83
99	73
93	67
94	73
70	73
78	50
87	73
93	67
100	73
100	73
95	73
79	73
86	73
97	78
64	83
85	67
78	50
72	60
98	78
92	53
73	53
56	73
85	67
26	73
78	73
88	83
91	67
63	67
99	73
47	80
32	83
21	73
56	78
90	67
85	33
63	73
63	73
94	73
63	67
91	73
16	73
56	67
88	73
100	73
89	78
94	73
100	73
91	58
100	78
85	53
94	73
93	83
63	73
95	73
72	42
83	73
55	83
53	73
72	83
91	73
46	67
94	67
91	73
97	42
74	73
85	67
86	53
100	67
96	67
73	73
95	67
86	73
87	67
64	67
93	73
85	73
78	73
89	73
72	73
95	53
75	73
93	67
89	73
98	73
93	67
70	73
67	83
67	53
97	73
90	73
97	60
85	78
67	58
100	67
98	67
73	60
89	67
86	60
97	73
19	60
56	78
86	60
91	80
83	73
83	73
56	73
56	60
13	73
21	80
56	73
86	58
86	67
32	73
86	73
97	73
85	73
86	73
95	73
86	73
97	73
85	53
90	60
87	73
94	73
43	73
48	73
94	73
100	67
43	73
84	78
94	80
85	73
89	73
78	67
30	73
82	67
85	73
93	67
87	73
96	73
90	73
87	73
87	78
43	73
94	73
93	83
84	58
86	67
71	73
85	67
89	83
83	73
86	67
85	73
72	73
91	78
63	78
98	73
93	83
56	73
98	67
96	73
66	73
99	80
92	67
86	67
70	73
92	73
94	78
83	73
100	73
66	73
94	73
57	73
100	73
69	73
99	73
85	67
51	73
18	73
64	67
86	73
28	73
96	73
85	80
94	83
96	80
85	60
56	73
60	67
87	73
88	67
17	73
85	53
91	67
99	73
88	53
92	73
99	73
98	60
99	80
83	73
63	83
47	83
56	73
85	83
72	78
63	78
89	73
89	83
63	58
91	78
52	78
96	67
87	53
78	80
32	73
93	67
69	73
86	73
94	58
86	80
90	67
86	42
88	67
95	73
94	58
97	67
83	67
90	73
91	73
91	73
73	58
85	67
94	67
88	83
90	72
85	73
72	80
85	58
59	73
62	60
97	78
88	58
83	73
86	80
98	83
98	89
69	58
96	73
100	78
98	73
86	73
100	78
91	73
86	73
55	73
64	73
61	73
42	73
83	73
83	83
99	67
94	67
67	80
65	80
87	73
20	78
86	80
78	53
93	73
92	67
91	83
93	73
55	73
99	73
94	73
97	89
83	67
31	73
98	73
22	83
93	67
83	50
93	83
100	73
87	53
93	73
86	83
67	58
63	73
100	73
56	73
78	67
78	60
97	80
90	80
94	73
83	73
95	83
67	80
86	73
66	60
84	73
32	83
86	73
86	80
71	73
51	78
93	67
86	73
42	83
97	67
50	73
94	80
87	67
100	73
93	58
91	42
67	60
87	73
91	73
86	80
99	67
56	67
99	83
67	53
14	73
100	73
93	67
12	67
83	80
98	78
95	60
97	73
95	73
89	73
83	73
83	73
91	73
100	73
99	73
93	73
93	73
84	67
78	73
85	67
86	73
97	73
99	33
92	53
98	83
51	78
93	83
99	80
85	73
90	73
86	53
79	67
87	73
100	53
90	60
93	67
86	73
98	73
98	73
99	67
79	73
61	58
93	67
91	73
92	73
86	73
89	83
97	60
93	73
88	78
83	83
67	60
71	73
100	53
88	80
91	73
71	80
100	73
93	67
96	80
62	73
96	83
94	67
57	73
66	67
83	60
91	67
21	83
97	73
91	73
92	73
85	73
94	83
98	73
86	67
99	73
93	67
46	73
83	73
85	73
30	73
88	67
53	78
92	73
97	67
63	58
51	73
56	58
100	67
96	73
93	73
69	58
32	80
92	67
93	78
91	73
94	73
88	73
56	83
88	73
98	80
89	73
100	73
92	67
94	58
99	73
79	73
47	83
85	53
93	73
92	78
17	33
98	67
98	58
88	60
21	80
63	73
98	73
98	78
83	73
86	83
42	60
72	67
87	83
86	67
83	73
83	73
90	73
85	73
96	83
72	78
72	67
97	73
83	67
96	73
92	73
95	67
21	67
85	67
83	73
63	60
94	73
90	80
98	73
83	73
90	73
69	80
85	67
95	83
86	73
89	73
100	73
64	50
86	83
85	73
100	73
63	67
98	67
93	73
99	33
72	73
90	83
87	73
88	67
97	73
85	78
85	67
83	60
50	73
86	73
96	73
89	73
92	73
86	67
27	58
96	60
96	53
42	83
85	73
91	60
78	50
94	73
90	80
86	60
92	73
74	67
97	58
38	73
95	73
100	78
85	67
96	73
98	73
91	73
63	73
91	83
85	73
59	73
95	83
91	73
93	73
85	73
97	60
83	83
85	73
87	58
86	42
94	73
90	73
97	73
60	67
86	73
64	53
93	53
88	73
86	80
13	67
87	58
34	67
78	67
85	73
96	73
18	73
85	73
78	73
83	73
87	60
98	73
43	73
83	60
88	83
90	60
83	73
19	60
99	33
71	60
83	73
98	73
91	67
97	73
51	73
42	73
85	60
91	67
95	53
99	73
83	73
72	83
26	67
87	60
86	67
97	73
95	60
83	73
79	42
93	60
83	73
100	73
100	73
90	67
83	80
30	73
63	83
96	78
98	73
51	78
83	73
95	58
87	73
62	67
91	89
86	73
85	60
92	73
56	58
88	73
89	73
74	73
93	73
87	60
69	60
98	73
99	83
96	58
93	73
91	60
65	80
92	73
13	73
89	73
100	78
92	67
92	83
87	67
18	73
85	73
91	73
97	67
63	83
83	60
94	73
91	83
100	73
83	73
83	73
85	73
18	73
99	67
26	73
88	67
83	60
94	67
97	73
89	78
84	73
98	73
96	73
87	78
98	78
85	73
89	53
92	58
85	73
66	67
88	73
95	60
90	53
87	80
22	67
87	73
86	73
83	73
63	53
92	53
36	73
67	73
93	53
83	73
96	73
96	73
91	60
87	60
72	60
89	67
86	73
56	73
56	60
86	73
83	53
85	60
79	73
79	73
51	78
89	73
88	73
90	67
63	73
51	73
59	67
98	78
93	53
78	53
89	73
83	80
99	80
55	73
85	67
84	67
92	73
85	78
23	73
90	73
85	73
99	73
83	53
85	67
92	73
85	67
86	73
83	53
56	67
99	73
89	67
86	73
90	73
17	73
89	73
86	73
86	73
93	73
56	60
93	73
85	67
100	73
99	73
96	73
78	67
16	53
89	73
38	73
91	73
83	73
100	73
99	83
94	67
97	73
88	80
86	73
32	80
86	73
72	78
85	73
55	73
83	67
71	73
92	67
63	53
63	83
59	73
95	73
85	67
96	83
53	60
59	73
92	73
97	58
91	67
91	73
83	73
51	67
99	67
96	73
14	73
86	60
87	60
28	80
46	78
89	67
83	60
87	60
63	67
89	53
61	67
63	73
72	60
87	67
93	73
98	73
93	67
71	80
87	73
100	73
89	83
92	67
18	73
96	73
71	83
86	67
91	73
85	73
85	53
91	53
63	67
93	73
18	67
86	73
98	67
89	60
96	73
78	73
87	67
90	73
92	73
83	73
95	67
70	73
93	73
83	53
51	78
92	73
87	73
89	73
83	60
74	73
63	73
56	60
73	73
100	80
14	73
86	73
92	73
69	80
78	73
89	67
86	78
79	73
59	80
86	83
91	42
94	58
91	53
95	73
79	80
72	80
86	73
79	73
89	73
94	73
89	80
54	73
26	73
96	73
96	73
85	73
83	53
90	80
89	73
91	60
96	83
95	53
90	73
93	83
12	60
96	67
99	73
83	83
99	73
93	73
72	73
96	67
85	73
97	73
85	73
92	73
99	73
72	73
83	53
77	60
26	73
94	73
71	80
87	53
91	73
85	80
46	60
78	50
86	83
95	73
59	67
87	73
100	60
70	58
19	67
72	53
85	73
56	73
96	73
86	73
78	67
47	73
91	58
99	73
86	67
85	89
99	73
92	83
93	73
91	67
83	67
86	73
86	67
92	73
94	73
85	73
97	73
97	67
92	60
83	83
99	67
97	78
27	67
90	73
66	42
87	73
70	73
56	53
46	73
20	83
96	83
21	83
72	83
98	73
100	73
84	78
72	73
94	73
96	73
100	73
85	73
86	73
92	73
83	67
92	67
97	73
86	80
94	73
56	58
86	53
72	78
89	72
87	73
95	58
70	73
85	73
85	67
56	80
83	73
88	53
16	33
99	60
100	53
96	73
21	60
85	83
86	73
88	67
63	73
56	67
86	58
34	67
91	83
95	73
23	73
86	67
88	83
97	67
95	72
87	83
85	73
100	78
86	73
88	83
90	67
78	67
99	73
86	83
100	73
95	67
93	73
94	73
59	80
86	73
73	50
85	73
78	60
72	73
54	67
66	73
83	73
52	83
90	73
97	67
85	89
83	73
99	80
83	67
56	78
87	83
96	67
96	73
86	73
97	73
63	60
83	80
92	73
85	73
85	73
71	80
97	80
83	83
86	58
95	73
86	73
97	73
89	73
93	67
55	53
63	67
95	73
24	83
79	80
95	53
100	73
83	73
86	60
57	58
92	67
69	73
85	73
83	73
97	73
85	78
95	73
82	80
40	78
83	53
88	73
98	73
99	53
92	73
86	73
90	73
43	73
85	60
91	78
31	73
96	67
42	73
98	60
72	73
63	83
99	73
89	58
23	83
79	73
88	67
43	73
94	73
93	73
92	73
91	73
86	60
93	78
86	73
84	67
83	60
94	73
89	73
93	83
87	83
92	53
92	73
86	67
95	73
86	67
89	67
16	73
60	67
95	72
85	73
90	73
63	73
98	67
100	67
89	60
83	73
95	67
83	83
99	73
85	67
92	73
93	73
56	73
63	78
16	53
83	73
85	73
55	80
83	53
90	89
92	73
67	83
91	73
96	73
91	83
56	67
99	73
94	58
86	83
89	73
86	73
100	73
86	73
93	67
91	73
7	67
86	83
97	67
85	53
100	73
93	83
90	53
89	67
89	73
59	80
55	53
91	83
89	73
67	60
78	60
95	73
18	73
78	67
92	67
98	73
85	73
24	73
63	53
83	73
38	73
90	72
98	78
83	80
85	73
95	67
96	73
56	78
98	53
56	73
86	83
83	58
92	80
96	73
92	80
85	73
86	73
88	73
98	33
83	73
13	73
89	73
94	73
99	80
