16	67
62	73
97	73
85	83
97	60
28	73
99	60
85	83
88	73
100	83
72	80
89	73
89	73
67	60
86	73
56	73
83	80
72	73
92	53
97	53
91	73
72	83
100	73
83	73
96	78
89	53
27	60
46	33
91	73
85	67
90	67
91	73
85	67
57	73
99	80
95	83
93	60
95	80
91	67
63	67
86	73
92	73
63	73
84	73
92	67
96	73
92	73
92	73
97	73
93	73
51	33
88	80
94	73
28	83
55	60
87	60
72	73
63	73
56	72
50	60
65	53
82	73
72	73
31	73
96	83
63	80
98	73
87	73
93	67
52	73
96	83
83	73
93	73
100	80
98	67
79	73
94	67
100	67
85	73
86	73
88	73
86	53
100	67
89	53
83	83
92	67
85	83
99	73
98	73
83	60
66	73
73	73
83	67
73	78
87	73
99	60
90	73
100	50
89	73
96	67
99	67
56	67
92	42
89	73
100	73
93	73
93	73
99	73
91	60
85	73
94	73
86	73
97	58
87	73
72	60
96	83
86	80
65	60
98	73
83	73
56	67
100	73
83	73
86	73
99	73
99	73
54	67
91	73
86	78
85	83
90	73
86	83
99	73
93	72
99	73
99	67
70	73
69	60
83	80
97	78
85	80
97	53
61	73
91	60
85	73
97	53
97	83
100	78
92	80
99	60
72	80
85	67
94	73
91	58
97	73
46	80
95	73
67	89
92	67
94	67
91	83
95	67
90	73
56	80
92	60
94	73
42	73
86	73
94	67
59	67
87	83
97	73
91	67
90	67
85	83
99	67
94	67
66	67
57	67
14	73
94	72
57	67
79	73
84	73
48	73
98	60
83	73
93	72
88	83
100	67
99	73
83	73
88	73
72	73
97	73
100	73
85	73
94	73
94	58
88	73
89	67
97	73
83	80
98	67
89	73
92	80
85	67
86	73
78	60
72	67
60	73
93	73
83	80
91	60
96	73
66	73
91	73
97	73
100	67
93	60
94	78
91	53
99	73
88	67
86	60
86	73
89	58
90	60
61	73
89	67
90	78
87	73
79	80
92	67
78	73
71	67
63	67
91	53
78	73
93	73
86	73
83	78
11	67
100	73
56	83
83	67
97	73
41	67
90	53
85	73
97	73
86	78
36	73
89	73
86	73
96	73
72	67
85	73
93	60
92	80
93	60
94	83
89	60
92	50
90	73
31	73
92	73
63	67
91	73
95	60
86	80
72	73
90	73
63	73
63	58
86	67
90	73
56	53
93	73
91	50
88	73
43	67
91	73
89	72
87	83
78	89
94	73
72	80
79	73
89	67
90	60
91	73
91	73
83	73
94	73
91	73
56	78
98	67
47	60
98	80
93	73
93	73
100	67
98	60
82	53
89	73
88	73
92	67
97	53
85	73
94	72
100	73
90	67
87	73
96	73
47	73
97	73
78	73
99	67
85	73
97	73
98	67
97	58
83	73
56	73
42	67
91	53
85	73
67	60
86	67
57	73
67	89
93	67
39	73
89	67
21	67
86	60
90	53
72	58
72	67
63	60
60	73
63	67
92	73
89	67
87	80
91	73
100	73
89	73
63	73
83	67
94	53
96	67
91	53
78	58
97	80
72	53
99	67
91	58
86	83
90	53
85	67
59	50
71	73
87	73
98	73
30	73
92	80
86	73
87	67
97	73
88	80
72	73
72	73
17	73
86	67
87	60
97	73
67	73
8	73
28	73
95	83
86	73
57	73
86	67
97	80
83	72
63	60
91	73
85	73
98	73
61	73
93	73
99	73
83	80
86	73
92	67
99	73
100	67
93	73
72	58
72	60
95	53
85	67
59	50
85	73
85	73
94	73
98	67
56	67
100	60
85	73
86	60
92	83
72	73
100	67
79	73
100	53
93	78
86	73
87	73
91	67
86	60
71	67
52	78
88	73
100	67
83	78
97	67
91	73
93	73
94	60
72	67
94	67
85	73
99	78
63	73
56	60
63	53
94	67
72	58
93	73
100	78
89	67
98	78
64	73
95	73
86	73
32	83
70	83
88	80
90	73
86	83
87	67
63	73
90	73
72	60
83	73
83	80
89	73
98	73
99	73
90	53
72	53
83	60
13	73
83	73
95	80
72	73
87	73
94	60
85	80
85	73
63	73
63	73
62	83
97	78
87	73
86	67
98	80
83	73
88	73
96	78
56	67
98	67
86	67
93	67
90	73
100	80
90	67
98	73
61	73
63	73
87	67
98	73
98	67
87	67
94	73
98	53
100	67
89	53
97	80
94	67
88	78
92	73
96	67
88	73
63	58
92	73
56	73
90	73
85	73
96	58
99	73
83	67
95	53
81	73
91	73
85	58
46	67
46	60
94	67
91	83
83	67
83	60
86	73
72	73
89	73
88	73
100	73
88	83
85	83
100	73
88	73
97	73
94	80
93	73
94	73
99	73
96	83
86	83
72	73
89	67
97	67
62	58
56	73
90	83
18	73
100	73
100	73
67	60
78	60
94	73
71	73
56	78
94	73
56	73
83	60
56	73
86	78
100	73
95	73
88	67
86	73
98	83
98	73
89	78
47	73
96	67
96	60
95	83
85	33
94	58
14	73
83	78
70	67
98	60
92	60
92	53
93	73
91	53
93	73
55	42
89	73
85	73
100	73
89	73
90	73
7	73
83	73
27	80
86	80
94	53
97	67
56	72
96	73
87	80
85	73
94	53
93	67
78	78
94	67
91	53
93	67
89	73
85	73
56	73
83	80
