79	60
91	73
92	73
95	73
83	67
26	67
86	73
95	60
86	67
68	67
97	73
73	73
86	67
83	73
73	67
96	80
56	73
89	58
86	73
92	67
97	73
88	73
97	67
83	60
88	73
99	73
46	60
91	73
96	58
63	67
95	67
90	73
26	73
92	80
97	73
59	73
83	78
87	53
90	58
87	73
12	73
67	73
86	42
93	60
100	73
100	67
91	60
92	73
91	83
90	58
88	73
94	80
86	73
97	67
85	73
83	67
91	73
57	73
97	73
83	80
56	83
89	67
83	67
99	73
28	58
86	60
98	58
97	67
75	73
94	73
98	73
83	73
83	83
63	60
71	60
87	53
90	73
87	67
78	60
92	73
85	83
92	60
94	67
85	78
68	67
93	60
72	73
87	73
9	73
88	73
54	67
73	73
90	73
100	73
88	53
72	67
100	78
89	67
86	73
97	58
87	73
96	73
88	80
56	67
90	73
83	73
83	73
83	73
72	73
97	80
57	73
94	73
69	78
86	73
94	67
86	58
90	58
96	67
89	73
85	73
62	73
88	53
79	73
96	80
93	72
96	60
78	73
91	73
92	60
83	73
72	73
85	53
56	78
94	73
98	73
86	80
98	83
99	42
83	73
71	73
83	58
71	50
66	67
92	67
93	73
97	73
100	67
93	58
91	73
51	80
97	73
89	73
98	73
98	73
92	73
61	73
90	53
50	78
