85	73
47	80
56	67
94	80
56	72
89	58
39	60
86	80
100	67
88	73
94	78
47	73
85	67
87	73
86	73
87	73
98	58
86	73
92	53
98	73
85	78
51	73
62	83
93	73
89	80
91	78
48	73
87	73
93	83
87	53
85	73
100	73
56	67
92	73
70	58
98	67
91	50
83	73
94	67
88	73
91	67
99	73
83	60
26	58
88	53
84	60
98	60
60	60
77	42
83	73
100	67
99	53
94	67
80	53
100	73
96	73
63	73
83	42
34	73
87	73
95	83
83	80
96	58
92	80
95	67
93	60
93	73
63	73
90	53
63	73
86	73
60	60
87	73
78	67
90	83
99	73
85	80
73	73
83	60
97	53
97	73
89	67
93	73
72	73
56	60
93	83
78	67
90	83
83	67
61	60
56	73
16	73
99	73
90	78
96	73
88	53
70	73
78	60
56	89
92	73
94	67
86	73
92	73
100	73
43	73
78	83
85	73
85	73
86	73
96	67
87	80
86	78
73	80
86	67
92	60
87	73
83	78
67	73
97	83
83	73
98	73
62	73
85	67
87	73
36	80
92	83
94	60
86	73
83	73
59	33
88	78
59	67
98	67
86	53
63	67
83	73
78	67
93	73
78	73
89	78
55	58
83	73
93	80
91	83
86	89
72	73
90	60
59	60
96	73
92	80
100	58
86	73
46	73
78	83
98	53
64	67
85	60
89	73
98	73
95	73
99	78
94	67
83	73
79	80
93	80
99	73
87	73
70	73
86	73
85	73
67	67
71	73
93	73
70	78
91	73
87	73
91	67
92	58
79	73
91	73
97	58
90	73
98	83
83	73
89	67
86	67
98	78
93	60
69	73
86	78
63	67
89	60
56	53
86	73
85	73
67	73
91	73
99	73
83	83
83	67
36	73
85	73
72	58
69	72
100	50
85	73
73	80
83	73
66	67
90	73
86	73
92	73
69	73
79	73
88	73
72	67
98	67
38	73
94	73
85	73
98	53
63	73
34	73
97	73
12	73
30	60
100	50
96	67
87	53
100	73
72	73
90	67
83	53
96	73
95	89
94	53
72	78
98	53
95	73
86	73
87	80
63	73
92	83
99	73
63	73
73	83
97	53
72	58
63	73
98	83
27	73
86	80
92	83
56	73
97	73
97	67
45	80
86	83
95	73
86	67
95	73
99	73
100	73
97	67
83	67
86	58
48	73
86	67
86	73
85	67
87	67
95	80
96	73
89	53
78	73
91	67
79	83
97	60
86	83
88	78
90	60
72	67
83	73
99	67
85	73
72	73
87	67
96	33
59	58
88	73
91	73
21	73
78	73
87	73
83	73
73	42
53	53
91	67
85	73
46	73
60	53
72	73
88	73
100	58
26	60
86	73
88	73
80	53
72	80
26	80
90	53
93	60
44	53
83	67
76	53
99	67
12	78
12	83
79	67
25	73
99	73
92	83
94	73
73	73
93	73
88	73
86	67
91	89
100	53
97	53
73	58
93	53
90	83
90	73
43	73
99	73
89	80
83	60
13	53
97	67
91	67
72	73
91	67
96	73
93	73
94	73
96	80
73	83
12	78
93	73
56	58
86	73
91	73
72	73
83	73
63	83
42	73
94	60
74	73
70	67
98	60
47	73
86	58
94	67
73	83
94	73
83	73
22	53
85	53
95	60
97	73
72	83
96	60
87	53
85	73
83	53
66	73
90	73
87	73
83	67
83	67
100	58
86	67
78	73
92	67
85	67
78	80
56	53
96	73
99	73
56	73
82	60
86	67
98	67
94	83
59	80
83	67
93	83
89	67
97	67
93	73
89	67
94	67
94	73
98	53
98	53
85	53
86	67
50	58
97	73
56	53
99	73
88	73
73	83
92	60
79	73
100	80
91	60
86	73
72	73
89	58
98	83
67	73
87	60
88	53
89	73
42	83
85	73
91	60
86	67
17	53
85	73
73	53
83	73
94	83
83	60
61	73
90	73
89	73
87	73
86	73
90	73
96	58
72	53
100	73
86	60
78	73
85	73
92	73
64	73
91	73
95	53
73	73
71	67
87	53
74	73
86	67
86	73
91	83
92	83
56	53
99	42
86	73
88	73
94	33
94	60
96	67
95	67
65	73
84	60
95	73
73	73
95	67
89	78
78	73
85	73
92	42
72	67
100	58
60	73
90	83
91	60
78	58
88	67
84	73
87	73
86	58
89	73
91	67
63	73
97	53
8	73
89	73
38	73
95	73
23	73
86	73
94	83
83	73
95	83
94	67
93	67
69	73
90	67
88	73
97	60
83	67
70	73
90	73
89	73
83	73
92	73
87	73
100	73
50	73
95	60
60	67
97	80
83	67
97	67
83	60
88	67
59	73
47	73
100	53
67	67
71	73
86	73
99	67
99	73
26	73
94	73
87	67
73	53
65	73
22	53
71	83
99	73
87	83
63	73
94	67
87	73
87	73
86	67
97	78
99	67
56	73
96	58
100	73
85	73
75	80
70	73
71	73
91	73
88	73
84	53
72	67
89	73
78	58
88	67
85	78
92	78
85	73
87	73
14	53
91	58
85	73
25	73
86	67
79	73
70	73
56	73
83	73
86	80
47	73
97	42
56	73
85	78
99	73
74	53
70	58
55	73
86	60
91	73
100	58
97	73
99	58
91	83
44	53
76	53
27	83
95	53
91	73
95	73
93	73
97	53
63	67
99	73
97	73
34	73
89	83
93	53
16	67
86	73
86	83
94	67
72	73
94	83
91	58
83	73
94	73
70	73
89	73
13	73
86	73
97	50
100	73
99	73
78	67
85	73
21	58
90	73
86	83
98	60
38	78
91	73
99	73
56	53
96	73
46	67
85	73
78	73
87	67
63	67
89	80
98	73
93	73
86	73
85	73
99	73
95	73
94	60
60	53
86	73
83	73
72	73
98	67
97	67
78	73
96	58
89	60
96	67
99	58
63	67
87	60
100	67
83	73
89	60
88	73
69	67
91	67
84	73
85	73
69	72
94	73
85	73
89	58
85	73
78	67
71	73
78	58
62	73
94	73
42	73
56	67
45	80
64	67
93	53
93	73
94	60
79	73
86	67
70	67
86	67
70	60
93	67
69	73
93	73
78	83
88	53
56	58
83	73
98	73
60	73
90	60
98	73
8	73
97	73
97	80
87	67
98	80
72	73
85	83
96	60
82	73
86	73
85	53
89	73
86	53
96	73
88	67
89	73
85	73
100	83
71	73
56	73
67	53
93	73
89	53
92	80
94	58
85	72
94	78
83	60
96	53
86	58
95	80
97	73
30	53
72	73
87	73
71	73
95	67
86	83
90	67
67	78
96	78
78	67
92	89
86	73
94	60
88	73
88	73
56	72
98	80
73	73
94	73
83	73
72	73
79	53
39	73
89	67
84	73
100	73
83	73
88	53
56	89
98	73
85	83
88	78
89	89
91	73
90	73
83	72
95	73
61	80
94	73
97	60
98	67
93	73
95	60
96	42
35	73
99	73
98	73
100	67
86	73
92	73
77	42
86	83
78	73
97	80
99	73
88	73
63	73
83	73
95	53
88	73
83	80
56	73
100	67
95	73
70	73
56	67
97	33
86	53
88	73
85	67
56	60
90	60
21	73
88	80
83	73
83	67
72	73
89	73
87	73
87	60
93	67
69	73
63	67
86	60
83	73
86	67
100	73
92	73
86	83
95	73
87	73
99	67
100	89
83	58
89	83
56	58
56	60
95	73
86	83
56	67
86	67
97	73
88	73
85	73
84	53
46	58
99	73
98	50
56	73
89	58
95	73
89	73
86	58
97	80
78	80
86	60
67	73
99	73
100	73
96	78
86	73
99	73
86	83
12	83
39	67
85	80
83	53
93	60
92	42
90	73
99	73
59	53
83	73
91	73
82	73
98	73
50	58
97	73
85	80
47	67
95	53
87	60
63	73
72	83
93	67
56	73
89	80
78	80
100	73
99	78
74	73
89	73
99	73
86	73
83	53
91	58
90	73
91	67
94	72
88	67
60	73
51	73
99	73
91	67
88	73
88	67
85	73
34	73
85	67
83	83
97	73
93	83
88	53
86	50
72	73
87	67
70	67
94	73
86	73
51	73
56	73
98	53
85	73
51	67
85	73
60	73
90	73
93	53
97	73
73	58
90	73
83	73
93	50
98	60
47	73
90	78
72	73
72	73
94	67
83	73
83	73
86	73
99	73
52	67
84	53
86	58
94	73
72	67
88	50
85	73
88	67
90	80
63	73
78	73
72	67
67	73
90	83
94	78
90	73
34	60
30	73
97	67
27	67
89	73
82	80
97	53
13	73
98	67
83	67
38	73
89	67
91	67
85	73
78	73
93	73
82	73
90	83
75	73
88	73
100	73
89	67
83	73
56	73
89	73
99	67
83	83
100	73
56	89
90	50
100	73
28	73
72	73
89	78
100	42
93	73
88	53
92	83
56	67
85	73
100	73
85	73
97	73
86	73
99	73
90	53
87	73
91	72
87	80
83	73
100	67
93	67
78	73
69	67
94	73
100	73
83	78
55	73
96	73
86	78
97	53
56	53
85	73
39	73
83	73
57	73
86	73
83	73
22	73
99	73
66	53
99	73
87	67
97	73
91	73
100	67
94	67
97	53
56	83
83	78
93	73
99	73
100	73
70	67
96	73
63	73
86	67
56	73
63	73
92	73
90	73
100	73
95	67
85	53
63	73
22	73
90	73
83	73
92	73
76	67
91	73
73	53
85	67
73	73
83	80
98	53
100	73
47	73
86	53
85	72
85	73
25	83
78	73
57	80
85	67
95	53
91	73
85	73
83	67
86	80
90	73
65	67
96	73
90	73
97	60
93	73
67	67
98	73
98	73
88	73
72	83
67	73
90	83
88	73
99	73
89	73
87	58
83	72
87	73
86	73
86	83
91	73
83	67
