72	73
61	58
94	78
99	67
63	53
83	58
83	73
90	80
51	67
63	80
88	80
86	80
83	67
62	73
85	67
54	80
94	73
83	42
98	73
85	73
56	80
67	73
90	60
90	67
93	78
85	60
87	73
52	73
32	58
12	73
92	73
88	73
92	67
83	67
93	67
96	60
56	58
91	83
92	50
86	67
100	73
86	60
99	67
87	67
93	73
72	73
100	53
97	73
83	83
98	73
67	67
99	73
56	73
92	73
19	73
72	73
34	73
63	73
85	73
85	73
57	73
100	73
74	80
92	73
96	50
12	73
96	73
83	73
23	73
96	73
85	58
74	73
94	73
95	73
83	73
99	80
86	73
96	73
92	73
72	53
78	53
88	83
93	78
71	73
88	58
94	73
94	73
88	83
87	67
56	89
56	67
22	73
85	73
31	73
86	78
83	67
78	73
86	67
85	67
95	83
85	67
93	73
61	73
86	73
90	73
89	60
72	53
85	78
35	73
56	73
59	83
88	67
25	67
78	73
86	80
90	73
61	53
83	73
86	73
83	58
56	67
94	67
73	73
94	72
84	73
98	73
96	73
84	73
86	80
83	83
73	73
99	73
83	73
94	78
89	78
97	67
100	73
87	73
90	80
57	73
100	78
90	67
85	50
86	73
72	73
90	73
83	73
34	73
19	58
72	73
70	60
93	73
43	67
98	50
67	73
56	80
100	83
93	73
67	73
90	67
99	67
83	58
86	58
92	67
44	67
85	67
91	73
84	83
99	80
86	83
98	73
72	53
85	73
100	60
56	58
100	73
28	42
97	73
90	73
60	67
89	73
56	73
43	78
89	60
92	67
97	53
61	73
21	67
87	60
83	73
85	67
99	53
95	73
66	73
100	58
71	73
86	73
92	73
86	67
87	67
89	73
93	73
100	73
19	73
98	73
72	33
98	58
83	83
86	60
67	67
92	67
86	60
83	73
73	67
93	73
86	73
56	89
100	73
83	73
87	73
90	60
84	83
88	73
90	60
87	73
72	67
56	58
85	73
86	73
72	67
95	53
91	73
100	67
79	80
76	67
85	78
85	60
95	53
90	73
91	73
83	73
89	60
89	73
78	73
66	58
85	73
87	73
90	83
91	60
90	83
88	73
86	73
97	73
72	73
83	73
88	73
83	67
85	80
18	67
89	73
83	67
86	73
32	42
74	73
11	89
97	67
83	58
72	73
95	73
63	73
19	73
17	73
82	73
96	60
47	73
73	73
71	73
86	73
83	80
36	67
86	73
94	73
83	73
96	73
85	60
98	83
83	73
45	83
91	80
72	78
65	60
83	83
90	67
23	73
98	67
92	50
64	60
87	67
97	53
91	53
57	73
100	83
95	73
96	73
83	73
61	53
41	67
94	67
91	60
56	78
83	80
87	73
27	73
46	73
17	73
86	60
34	73
16	60
57	73
17	83
85	80
94	80
63	78
36	73
91	73
86	60
92	73
92	53
90	53
99	53
86	60
94	73
86	60
63	73
98	67
14	67
72	80
92	73
85	73
96	80
88	67
56	58
93	80
46	67
86	73
87	67
80	73
70	67
91	73
85	80
56	53
91	73
97	73
91	73
92	73
88	73
83	67
88	73
100	73
88	73
91	80
89	73
90	73
98	73
91	73
90	73
90	42
92	67
86	67
43	67
72	83
88	78
82	73
97	78
90	67
66	73
90	83
97	73
100	73
73	58
97	73
86	80
97	73
78	67
98	60
85	53
46	73
90	73
86	73
84	73
97	73
83	73
90	73
86	73
98	67
85	73
100	60
85	73
57	73
83	67
93	73
34	60
83	58
31	73
56	67
87	83
90	80
90	80
96	67
83	73
97	73
87	58
85	73
46	73
86	67
86	80
93	50
100	83
70	58
94	67
66	83
97	53
72	73
51	73
83	80
90	67
90	60
86	73
92	80
86	67
94	73
43	67
83	73
91	80
86	73
99	73
83	83
73	73
19	67
98	80
92	50
86	67
87	83
85	78
87	67
89	73
26	67
90	73
85	73
50	78
91	73
65	60
86	73
85	73
98	58
88	73
100	73
90	73
83	83
46	73
90	73
94	53
56	67
90	58
86	80
83	73
72	53
70	53
56	73
87	58
87	83
52	73
85	60
100	78
85	67
83	78
65	67
83	67
88	73
83	78
85	67
97	60
92	60
93	67
85	73
90	73
85	58
90	80
63	73
90	67
87	67
56	80
93	60
92	73
95	67
96	60
87	73
92	73
72	73
86	83
83	78
83	67
93	67
51	73
59	53
32	58
98	73
51	78
88	73
93	60
89	53
63	53
83	78
86	67
91	73
56	73
51	53
84	73
67	80
87	73
83	73
90	78
85	67
99	67
91	73
86	73
89	73
85	73
96	67
85	73
93	67
89	67
56	73
79	73
67	73
93	78
87	73
83	73
62	67
83	73
88	73
53	73
51	73
83	67
92	73
85	73
72	73
91	83
100	53
91	73
98	73
97	73
67	73
88	53
78	73
94	53
90	73
63	73
89	60
93	73
94	72
100	73
93	78
91	73
86	67
51	67
99	67
85	83
34	73
88	73
100	58
87	73
93	73
54	73
69	50
63	73
86	58
100	73
89	73
51	67
86	58
18	73
100	73
94	73
92	73
85	73
90	67
46	73
98	58
91	83
61	60
72	73
72	53
90	67
59	67
71	78
56	73
78	60
85	67
57	73
69	73
73	83
51	78
87	73
31	73
86	67
57	67
99	60
97	53
90	83
100	60
98	67
97	73
89	73
17	73
51	73
88	80
87	50
97	78
99	67
83	67
84	83
63	73
59	73
50	60
94	73
93	73
94	73
87	80
86	73
83	73
90	53
46	73
98	80
89	67
24	60
46	73
88	67
100	73
86	73
86	73
63	80
88	73
90	73
92	73
80	78
63	80
86	60
72	73
85	73
86	73
93	73
94	78
34	60
90	80
89	73
93	80
85	73
56	60
86	60
91	67
91	80
100	83
46	73
89	73
86	67
86	73
83	83
85	67
95	73
98	58
83	73
56	60
87	67
72	60
91	67
94	80
85	73
93	80
87	83
56	58
87	73
97	80
99	53
46	73
85	73
88	73
90	73
83	83
99	83
96	73
89	78
90	80
88	58
85	73
83	58
90	73
89	73
92	73
66	73
93	80
53	72
90	73
83	58
19	58
83	67
77	73
99	73
27	73
97	80
91	53
56	73
42	73
56	73
89	73
85	83
56	67
56	53
53	67
90	73
95	83
78	73
90	73
63	73
86	60
92	73
95	67
91	73
70	58
96	73
83	83
51	78
95	73
86	83
100	67
72	78
63	67
86	53
94	73
67	73
70	73
93	80
86	67
24	73
98	67
9	60
83	73
97	78
63	83
83	67
46	53
84	73
94	67
73	73
79	53
82	60
88	73
43	67
63	73
96	60
95	80
72	73
91	73
86	73
98	83
99	67
53	73
89	60
100	73
96	67
95	73
100	78
90	67
87	73
100	80
92	73
87	83
88	67
93	67
87	80
94	73
74	80
83	73
78	78
94	73
63	73
98	73
88	60
90	73
86	73
89	60
88	73
95	83
94	73
100	67
88	60
89	73
22	58
88	78
91	83
90	73
84	67
92	67
72	73
78	73
90	73
96	67
39	73
63	67
83	73
83	73
91	73
78	58
93	67
90	73
59	73
85	73
83	73
64	89
72	67
99	73
92	73
60	80
65	60
86	67
88	73
95	73
96	67
94	78
90	73
90	67
99	73
20	73
88	73
85	53
60	50
43	67
88	73
60	73
80	73
83	78
96	67
60	80
66	73
12	73
98	73
85	80
91	50
90	73
66	58
95	58
92	73
72	50
61	73
89	67
88	73
85	73
85	80
88	73
86	80
83	58
85	80
84	58
83	60
90	60
87	73
99	73
97	60
70	73
85	67
71	53
88	58
83	53
85	60
99	67
78	73
94	73
85	78
90	78
88	67
78	80
93	80
93	83
95	60
80	73
88	80
82	73
96	73
66	67
96	73
97	83
78	73
72	73
87	73
86	80
87	73
93	73
63	73
93	73
83	67
18	73
83	73
83	67
28	58
83	67
86	73
94	60
88	67
98	83
56	53
85	78
86	73
59	73
85	67
59	58
96	78
66	73
67	73
91	73
86	73
66	80
99	67
100	58
91	58
90	73
72	67
85	73
88	67
55	73
72	53
62	67
53	73
72	73
17	73
83	73
86	73
72	73
73	73
61	73
93	83
90	73
59	83
73	73
72	53
22	73
88	73
88	58
18	73
67	73
80	73
63	67
78	67
96	73
94	53
83	73
95	73
71	73
95	89
43	60
68	73
53	67
23	78
66	67
89	67
99	73
86	73
85	80
99	67
97	53
97	60
83	73
72	60
86	73
56	89
90	73
99	58
73	67
96	73
79	53
62	67
85	73
86	73
89	73
86	53
79	73
86	83
66	73
93	73
91	78
100	73
88	78
66	73
92	73
50	60
61	50
96	60
84	67
72	80
43	67
83	73
98	80
90	60
56	53
93	83
99	67
70	60
92	72
59	53
43	78
96	80
23	73
91	73
56	80
97	67
45	58
42	73
90	80
47	73
86	73
97	67
46	67
72	67
94	72
56	80
83	50
72	50
85	67
93	80
95	73
89	83
53	73
86	67
97	73
88	73
72	78
57	67
85	73
100	73
86	60
87	73
56	73
