85	60
93	67
78	67
86	83
91	73
26	73
17	67
86	73
99	60
90	50
83	80
98	67
100	73
97	83
93	73
56	60
92	58
46	53
99	73
26	58
86	53
94	73
51	67
85	83
96	60
32	78
46	67
85	73
86	73
79	73
87	60
89	73
99	67
40	67
34	73
89	83
83	58
93	67
85	73
86	58
93	73
71	60
47	78
88	60
67	67
99	73
87	60
83	67
83	73
97	89
89	73
85	60
86	73
83	60
96	67
63	60
86	80
100	67
87	73
99	73
61	73
94	73
93	73
90	80
89	73
91	67
87	73
92	83
86	60
83	53
88	67
83	67
86	73
78	80
83	83
87	60
83	58
83	73
34	73
43	78
95	83
85	67
99	60
97	73
91	73
97	73
96	73
95	53
78	80
90	58
89	67
86	83
99	73
96	73
91	73
86	73
73	60
99	73
96	73
94	73
78	80
94	83
92	73
85	67
78	67
71	83
83	83
100	73
83	67
99	73
88	73
97	60
86	73
96	80
86	60
77	67
92	73
79	73
85	67
63	73
99	58
73	80
66	73
83	73
90	73
63	58
86	58
20	58
85	67
98	73
51	67
98	73
45	80
89	67
87	73
55	73
85	80
83	73
60	73
78	73
91	73
89	83
96	73
83	83
86	73
95	58
95	53
86	78
86	83
83	73
90	73
72	73
51	60
88	73
95	50
99	60
92	89
95	67
96	73
97	67
13	67
85	73
34	73
83	83
73	67
26	73
94	72
99	73
83	78
87	58
92	73
83	73
83	67
98	73
74	73
89	60
66	73
44	78
83	67
83	73
85	53
83	83
46	83
86	73
56	73
94	73
88	73
92	83
21	67
89	67
99	73
91	73
100	73
95	73
86	60
86	83
42	60
90	73
89	73
97	73
59	73
63	73
78	73
92	73
86	83
61	73
94	80
98	73
99	73
83	73
100	67
89	89
98	67
81	73
85	83
72	60
86	83
56	73
94	78
97	67
98	83
85	73
83	73
98	67
93	83
86	83
89	73
98	67
83	83
100	67
96	89
56	67
99	53
97	73
85	73
94	73
88	60
60	73
98	73
94	73
95	53
98	73
92	73
63	60
98	67
61	73
98	67
83	67
91	67
98	80
88	60
83	73
87	67
87	83
99	67
94	73
51	78
83	73
90	83
89	60
83	50
31	73
97	73
56	73
90	73
89	67
85	73
51	73
96	80
96	53
66	83
89	60
97	73
94	83
91	73
98	67
59	73
79	73
86	73
86	67
88	78
87	73
99	73
89	73
85	73
87	60
78	80
97	67
98	73
93	89
85	60
89	83
93	73
86	73
78	53
51	67
63	67
34	60
100	67
87	73
56	67
30	78
93	73
94	67
86	83
88	60
87	73
92	60
99	73
96	80
86	73
83	60
73	73
98	83
34	60
86	80
85	73
85	58
40	67
89	73
21	67
87	60
98	58
97	60
55	73
98	73
90	60
83	73
97	60
100	73
94	67
88	58
83	73
97	80
86	78
83	73
90	73
83	73
89	60
91	73
16	67
66	60
59	78
99	83
97	89
42	67
95	67
93	73
86	73
78	73
78	67
93	67
92	73
89	67
96	73
100	73
57	80
99	73
86	60
83	67
94	73
92	73
99	67
94	58
88	83
72	73
98	73
97	67
86	73
75	73
43	73
34	67
70	60
83	67
97	67
85	73
83	73
94	83
86	83
85	53
95	73
19	73
56	60
72	73
93	83
61	73
83	67
93	67
97	78
65	73
97	73
78	73
95	60
26	60
51	67
89	73
72	83
87	60
63	58
95	60
66	73
89	58
59	67
83	58
99	67
84	80
87	78
100	73
86	58
86	83
98	53
63	73
61	73
71	73
85	73
85	73
93	73
52	73
83	80
72	80
86	67
86	73
88	67
88	73
86	73
95	60
93	67
56	83
21	67
97	73
90	73
34	60
83	73
87	73
56	73
93	78
87	67
56	73
97	73
99	83
98	58
96	83
86	73
97	60
86	73
83	73
86	73
97	73
83	73
89	73
89	73
22	60
83	73
69	73
99	73
93	67
92	73
85	80
86	73
100	67
95	83
93	73
90	50
96	78
90	73
83	67
87	67
99	67
98	80
90	73
55	67
92	73
85	58
71	80
94	73
93	73
57	67
86	73
100	67
85	73
55	73
95	73
97	73
93	83
88	67
83	73
83	67
63	53
94	73
94	67
83	73
16	67
100	73
93	67
67	73
98	67
83	50
87	73
92	73
98	67
90	73
85	73
89	80
75	73
86	60
73	73
86	73
87	73
97	67
83	83
89	78
86	83
85	73
88	60
96	80
63	73
25	73
83	73
90	83
97	83
47	78
95	73
83	60
56	73
83	67
90	73
88	67
100	73
78	73
53	78
83	67
93	53
94	80
87	73
85	53
94	53
83	67
98	73
57	67
98	60
89	58
75	73
84	73
56	83
85	67
87	73
87	73
88	58
89	73
85	58
98	73
85	73
86	58
83	73
95	58
40	50
63	67
97	73
71	67
93	73
89	73
72	67
95	67
95	58
78	67
83	83
86	58
90	80
95	73
83	67
56	73
87	73
95	73
90	73
83	50
88	73
93	67
94	73
56	73
91	72
56	83
17	78
96	73
57	83
52	73
82	67
94	73
90	73
67	53
28	73
93	73
89	80
93	73
63	58
85	83
83	73
86	73
56	73
26	73
88	80
19	72
100	73
86	73
72	73
12	83
78	53
59	78
91	73
87	73
64	73
61	67
78	73
88	67
93	73
91	58
90	73
86	67
45	80
85	73
90	73
97	73
83	73
85	60
83	83
93	73
79	67
94	42
85	73
89	73
100	73
86	67
88	73
78	73
46	60
83	58
18	73
91	73
99	67
93	67
56	73
72	53
90	73
99	53
92	73
91	53
85	73
84	83
85	53
83	73
90	60
99	73
95	58
94	53
98	73
94	83
92	73
88	73
94	73
94	73
90	53
95	73
86	67
86	78
90	73
83	67
56	83
98	58
99	73
89	53
88	67
92	73
96	73
57	73
86	73
72	73
94	73
90	80
86	53
61	73
97	78
90	73
94	67
83	67
90	73
67	58
62	83
66	60
86	60
87	73
72	67
92	58
83	73
86	67
88	58
46	73
46	67
83	67
93	89
28	73
96	67
85	67
21	60
78	73
47	83
93	73
83	80
94	73
73	83
100	53
85	73
72	67
97	73
86	33
10	73
73	83
93	67
95	83
98	67
98	73
90	73
89	67
90	73
96	53
94	83
88	53
86	73
73	73
92	73
94	53
84	73
88	73
98	67
83	73
63	73
91	60
92	60
89	67
88	67
87	73
51	67
90	73
83	73
87	78
14	58
98	67
86	58
94	73
98	73
61	80
94	73
89	78
98	60
87	73
34	67
83	73
83	60
83	78
87	73
90	83
89	73
98	73
92	67
88	73
94	73
89	67
72	73
90	73
99	73
91	67
92	33
99	83
63	73
96	73
27	73
85	60
92	73
26	60
86	60
99	73
90	73
91	73
72	67
98	67
66	83
99	67
96	83
99	58
86	80
86	53
97	73
89	67
100	78
46	73
92	73
91	73
83	60
99	67
89	67
97	67
87	73
28	73
91	73
85	67
83	78
83	58
86	53
86	73
39	73
92	73
86	83
98	67
87	73
85	73
93	67
96	73
92	33
86	73
91	73
87	73
91	73
92	73
86	67
56	60
70	60
87	73
46	73
73	73
67	50
97	73
85	53
88	73
92	73
56	73
80	67
30	53
85	73
100	80
95	67
100	73
100	80
90	73
86	73
83	67
87	73
83	73
96	73
73	80
86	83
83	58
83	58
53	73
66	67
83	73
86	73
56	80
92	73
95	73
90	73
10	73
96	53
86	73
86	80
86	67
83	73
42	60
94	73
92	73
63	60
69	80
93	73
83	60
72	60
67	60
96	73
98	73
93	67
42	67
85	50
69	73
95	53
99	73
34	73
100	60
90	83
90	73
93	73
87	73
86	78
94	53
86	60
100	78
100	73
75	73
91	73
100	67
93	73
98	73
100	73
59	67
72	67
56	80
99	78
99	73
80	53
63	73
90	67
72	83
99	67
97	73
98	73
95	73
86	58
91	53
90	73
96	33
92	78
96	60
45	80
87	83
83	73
56	58
83	73
85	73
55	73
94	73
93	73
88	67
83	60
85	58
83	67
87	73
95	73
95	60
79	73
92	67
90	67
100	73
72	53
16	73
95	53
100	73
89	42
93	73
85	73
97	67
87	67
85	73
99	53
98	67
60	78
98	73
94	83
56	60
85	50
83	73
99	73
92	60
88	67
85	73
70	67
90	78
96	33
100	73
89	73
98	73
17	67
98	83
98	73
83	73
62	73
50	73
72	67
96	73
98	67
63	73
38	53
85	53
86	73
83	53
90	50
85	73
55	73
83	80
98	83
98	83
98	80
90	73
99	58
89	53
85	67
12	73
93	73
42	67
98	67
56	67
99	89
93	67
87	73
78	73
90	60
62	73
89	73
66	73
93	73
50	73
93	83
55	73
78	73
89	78
63	60
98	73
72	67
63	60
83	73
88	73
56	67
86	73
88	53
62	53
73	80
83	73
83	67
87	73
63	73
90	53
74	50
85	73
88	67
94	73
88	73
56	60
99	67
83	67
86	60
94	60
85	73
85	80
88	73
88	50
83	83
85	73
94	73
69	60
99	60
90	53
78	73
72	73
83	73
88	73
89	80
94	53
88	78
99	73
83	73
85	73
89	78
53	78
71	80
97	60
94	73
66	67
96	73
78	73
83	83
98	73
66	73
93	73
35	78
35	60
89	73
89	73
83	73
63	67
83	73
99	53
83	73
85	73
94	73
99	67
16	73
93	83
95	73
88	73
91	73
43	73
57	80
94	73
98	67
55	73
46	60
62	73
95	73
94	67
91	73
92	60
85	78
88	58
87	58
72	53
83	73
75	73
94	73
83	53
73	80
98	73
100	73
74	73
94	67
97	60
86	73
89	73
95	33
72	73
85	67
99	60
86	80
85	73
94	73
83	58
99	73
70	58
95	73
99	73
94	67
86	60
39	73
98	67
83	50
87	73
97	73
100	53
71	73
83	73
85	73
83	67
84	80
78	73
89	53
83	60
90	73
63	67
89	53
98	67
84	73
100	73
85	53
85	67
100	60
96	73
86	73
87	73
86	73
90	80
94	83
73	60
85	73
97	73
88	67
63	78
85	83
90	73
93	67
12	83
95	53
87	73
91	73
86	73
87	60
100	60
94	73
98	67
100	60
86	60
88	73
97	67
85	73
95	73
71	73
56	73
83	73
91	73
95	53
85	60
83	73
93	73
46	73
100	73
61	67
56	73
83	80
89	89
91	73
94	73
86	67
91	67
86	53
86	73
83	73
83	73
95	80
95	60
97	73
95	73
55	67
86	83
68	73
83	50
61	73
73	73
86	73
83	73
78	73
100	73
83	58
84	73
90	73
99	73
88	73
82	53
95	73
88	67
83	73
94	67
89	67
69	67
95	50
88	67
99	67
63	73
83	83
93	53
83	73
72	60
78	60
83	73
46	67
87	53
86	60
56	58
72	73
85	67
86	78
39	73
89	73
95	73
86	80
99	73
86	53
88	83
88	60
93	73
92	58
89	73
86	80
63	60
63	73
56	73
63	80
98	73
97	73
96	67
100	67
92	73
97	73
93	73
99	83
94	73
88	50
85	60
98	58
88	67
99	73
92	73
98	73
94	78
83	67
39	67
12	73
89	83
21	83
86	83
73	73
86	73
85	67
72	67
16	80
83	53
83	60
39	67
88	78
56	73
98	73
67	73
97	73
72	73
96	73
90	73
89	73
91	73
89	78
83	73
86	67
99	73
56	83
88	73
86	73
62	80
66	73
83	73
56	83
99	80
86	58
86	73
94	73
83	73
92	73
98	53
99	73
89	67
88	42
61	73
87	73
56	73
72	67
100	80
99	73
85	60
97	89
90	73
89	73
90	80
94	83
86	78
99	73
56	60
90	80
78	73
85	73
97	73
16	73
97	73
87	73
100	73
9	83
87	78
94	73
96	33
63	67
51	60
86	60
97	73
99	73
95	67
78	53
88	73
72	67
35	60
85	67
90	83
85	73
70	73
99	73
83	89
97	73
90	67
83	78
90	73
67	83
86	80
95	58
83	80
88	73
90	73
86	73
98	73
72	60
87	73
73	73
83	42
86	73
83	73
91	73
83	73
85	58
100	73
20	58
90	73
83	60
95	73
89	73
85	73
87	73
46	67
94	73
38	53
53	73
72	73
98	83
67	53
74	73
86	83
91	73
61	83
97	73
71	73
97	60
91	60
85	73
69	60
99	73
83	73
99	80
88	42
98	80
85	73
99	67
90	53
78	73
83	73
86	73
89	58
98	67
88	73
99	73
93	83
99	67
25	67
93	73
90	73
86	78
98	67
10	60
92	83
91	67
72	73
83	73
73	73
56	73
63	60
83	60
69	73
85	53
99	73
85	60
95	73
51	67
83	67
98	67
90	53
83	50
91	58
46	73
83	83
93	73
94	67
83	73
85	60
72	73
56	80
43	78
89	73
86	53
93	73
94	73
91	73
86	58
67	58
85	73
99	53
83	73
61	73
72	73
83	67
70	67
56	80
94	73
12	73
100	78
95	73
89	60
100	73
92	60
46	73
90	80
85	67
99	67
97	78
97	73
88	53
86	80
85	73
83	80
99	89
93	83
39	73
72	50
94	67
72	73
90	53
98	73
94	73
88	73
98	67
97	73
98	73
96	73
18	73
90	53
53	67
45	60
10	60
63	58
99	73
83	73
90	83
97	73
94	83
83	73
83	73
96	73
72	67
100	73
95	67
85	73
92	60
91	73
83	83
19	67
94	67
63	60
98	73
72	73
97	89
97	67
95	73
85	83
51	67
90	73
98	83
97	60
91	60
93	73
86	73
83	73
28	73
93	73
98	60
96	73
89	73
72	53
86	50
94	73
94	73
87	73
85	83
85	73
83	73
90	60
90	73
46	67
78	73
94	50
94	73
86	73
56	58
19	72
93	67
78	83
92	73
78	73
94	67
91	73
94	83
93	67
91	58
91	73
89	73
94	80
94	58
93	83
89	83
94	73
79	53
63	50
78	67
83	73
86	73
98	73
73	73
87	73
86	60
99	73
100	73
78	73
89	73
85	67
72	67
63	58
67	73
83	73
69	67
97	73
87	73
87	73
93	89
93	67
96	73
86	67
71	83
86	73
100	73
85	67
97	73
83	73
86	73
92	83
99	53
89	73
61	78
99	73
89	80
83	73
63	83
91	60
52	73
92	53
87	73
86	53
66	73
85	73
99	73
83	67
40	67
88	73
83	83
74	50
98	80
93	53
89	73
95	67
90	67
72	73
62	73
87	73
61	73
51	73
87	53
47	78
75	73
83	73
87	50
93	67
51	67
92	73
83	73
88	83
60	78
90	73
56	67
85	80
86	60
98	80
93	80
83	73
83	83
97	83
90	67
86	73
72	73
78	53
73	60
100	67
97	50
98	73
53	67
98	60
90	73
92	73
86	60
99	73
83	73
89	67
16	73
99	67
78	60
78	73
87	73
51	73
87	60
64	73
25	73
89	78
87	67
93	60
83	58
97	60
63	73
99	89
87	73
65	67
98	73
86	58
86	80
89	53
83	73
92	78
96	73
90	73
90	67
99	73
85	73
34	73
94	73
85	80
91	73
87	73
64	58
98	58
97	73
78	53
72	73
96	53
55	73
89	67
92	73
71	73
96	73
73	67
99	73
92	67
94	53
90	53
90	67
86	73
86	67
91	73
85	73
86	73
100	73
97	73
67	73
61	78
100	53
90	50
85	67
86	67
85	73
9	67
83	73
91	73
78	73
87	73
83	80
67	73
86	58
70	60
85	73
83	60
67	73
90	73
72	73
100	80
88	73
18	78
93	73
61	73
78	73
83	73
61	78
94	67
89	53
98	67
83	60
93	73
89	78
94	58
97	89
51	60
86	67
78	73
90	60
99	58
83	83
86	58
92	73
83	58
63	73
66	58
83	73
93	73
70	60
85	73
85	73
99	73
86	73
99	72
88	73
83	73
99	53
100	67
94	73
90	73
90	83
88	60
83	73
68	53
67	83
53	67
100	80
22	73
83	80
43	73
93	67
90	73
92	58
92	73
87	73
93	73
86	73
63	60
90	73
72	60
78	53
85	53
22	73
51	83
95	73
59	73
99	73
83	67
83	53
70	60
93	53
93	73
94	80
85	53
28	73
99	73
95	73
98	50
100	73
88	67
51	73
87	73
90	67
28	73
99	73
97	73
83	67
94	73
91	73
96	73
98	67
98	67
93	67
72	73
83	73
98	83
98	73
93	73
60	53
63	73
87	73
18	78
86	60
46	73
89	83
71	67
34	73
72	73
99	60
83	73
72	73
90	73
94	73
78	80
97	73
57	80
85	50
89	67
98	73
98	67
99	67
95	73
28	73
43	58
83	67
84	73
85	60
93	73
88	73
89	80
93	73
84	73
83	67
66	58
83	83
86	60
85	73
83	67
95	67
16	73
86	73
98	67
63	67
91	73
89	73
91	83
100	73
84	80
95	73
52	73
97	73
85	73
89	73
42	60
73	73
94	83
85	73
63	73
72	60
99	78
97	73
55	73
91	83
99	89
94	72
71	73
85	73
86	73
87	83
99	73
91	73
96	60
52	73
86	73
67	67
94	73
86	83
94	73
91	73
87	60
98	73
87	73
94	67
94	83
73	73
85	78
99	73
85	53
91	73
100	73
78	53
88	67
92	60
95	60
89	60
86	73
16	67
83	73
94	60
42	73
61	67
95	73
97	73
96	73
84	73
86	73
52	50
94	73
100	58
87	80
92	60
87	80
95	73
93	83
72	80
63	73
51	73
86	78
91	73
95	67
71	67
100	83
86	73
87	73
55	73
63	67
90	67
97	73
93	73
90	83
81	73
45	60
99	73
96	67
69	80
78	80
85	73
87	73
86	73
97	67
65	73
51	73
93	53
60	73
63	73
99	73
89	73
38	67
98	67
85	73
86	73
94	73
92	73
83	60
97	73
63	58
66	73
51	67
52	73
98	73
63	73
92	73
99	58
99	73
97	73
100	33
100	73
78	80
83	73
20	58
86	67
87	73
98	73
83	50
31	67
90	83
85	67
32	78
78	60
82	50
98	67
67	73
88	73
86	78
92	67
73	53
56	83
56	73
97	83
56	67
72	78
83	53
66	60
93	73
97	73
85	53
91	73
93	73
100	73
99	73
63	73
83	83
73	60
23	73
83	67
100	67
87	53
86	67
94	73
86	67
51	60
67	58
97	89
87	73
87	73
99	53
99	83
88	73
46	67
90	73
67	50
86	67
87	67
83	73
63	73
79	73
90	73
93	73
83	73
92	53
72	53
98	83
67	58
90	83
83	73
88	73
87	73
56	60
98	58
56	73
39	73
90	73
83	73
100	73
83	60
90	53
56	67
72	73
93	73
42	73
92	73
78	67
95	73
97	73
90	73
92	73
92	60
63	67
86	58
68	73
89	73
83	73
85	73
90	78
88	73
90	80
94	73
73	73
83	73
55	67
57	58
85	73
83	73
63	73
97	73
96	73
94	53
99	73
90	73
86	80
96	73
88	42
96	73
83	60
96	73
92	73
83	67
98	73
86	73
86	53
67	73
87	73
94	73
89	73
63	73
72	73
78	73
18	58
63	67
92	73
96	78
86	53
14	73
86	58
86	67
94	73
85	73
98	83
90	53
83	73
99	73
73	73
46	73
51	67
92	73
83	73
52	50
94	73
100	73
83	80
88	67
90	73
83	83
86	73
100	53
10	60
91	78
94	50
99	73
83	80
99	73
23	60
46	73
78	60
98	80
92	73
23	73
93	67
42	60
98	67
92	80
85	83
85	67
46	73
86	73
64	73
95	78
91	73
90	73
98	58
59	78
78	83
98	67
96	80
67	67
92	73
94	73
100	53
61	73
100	67
92	73
63	60
85	73
92	73
98	73
93	73
86	58
99	72
72	73
85	73
86	73
86	53
14	67
60	78
79	53
94	83
59	33
90	53
90	67
91	83
78	73
13	67
34	60
72	80
40	50
96	73
86	73
95	67
86	53
79	73
47	78
62	53
92	67
100	73
85	67
71	73
95	60
90	73
83	67
91	73
57	83
100	67
71	80
66	73
63	50
26	80
87	73
90	80
85	73
87	67
100	67
88	73
63	60
87	73
90	60
83	73
94	67
61	73
84	80
99	83
83	58
93	73
90	73
85	67
94	60
87	73
94	73
46	53
99	67
88	67
88	73
98	58
99	73
87	73
90	73
100	73
91	73
88	67
100	60
93	53
83	73
87	73
61	78
85	60
83	83
18	78
97	89
89	67
92	73
61	73
93	73
83	67
73	60
86	83
99	73
99	73
56	80
88	73
94	67
97	73
83	73
98	73
86	80
85	73
91	73
65	73
12	83
94	50
97	73
93	73
89	89
94	72
90	73
85	67
96	73
47	83
85	73
99	53
98	67
91	83
90	73
100	73
46	73
94	73
92	58
93	73
83	73
91	72
97	73
94	73
92	73
86	73
95	73
67	67
87	73
88	67
98	67
91	67
62	73
63	67
21	60
95	33
93	83
87	72
78	53
83	67
100	73
86	73
94	83
83	60
85	73
99	73
86	80
99	67
92	80
26	73
72	73
91	73
26	73
96	73
87	67
83	73
17	73
89	73
90	53
28	73
97	73
100	73
99	78
85	83
90	73
91	60
30	78
83	42
97	83
83	60
98	73
95	58
90	50
63	60
89	83
99	73
92	58
97	80
91	67
83	73
96	73
63	80
97	73
85	73
86	73
86	53
18	73
56	73
91	50
89	53
67	73
90	83
92	58
93	80
67	73
61	78
93	80
78	83
83	73
98	73
90	53
86	73
93	73
88	73
59	73
86	73
90	67
88	58
56	83
94	73
73	73
93	73
60	53
83	73
100	73
100	67
93	73
84	67
99	53
46	53
78	73
84	73
96	73
83	73
89	73
88	73
78	73
86	67
93	67
93	67
91	73
98	83
86	78
87	73
99	73
84	67
99	67
99	73
89	78
90	50
88	53
84	67
90	67
83	73
83	78
100	67
91	73
87	73
55	73
94	73
73	73
89	58
96	67
99	73
86	73
97	67
56	73
68	73
91	53
85	73
97	73
79	53
67	73
61	73
89	67
99	60
96	67
93	73
96	73
100	73
73	73
54	80
87	73
90	73
83	73
63	58
73	58
78	73
98	73
98	67
91	73
48	73
43	73
83	73
40	50
86	78
73	58
56	60
99	73
71	73
90	53
72	73
64	58
96	67
83	73
83	78
94	73
18	58
97	89
91	80
97	67
91	73
83	83
92	67
89	73
83	73
92	60
65	73
83	73
94	73
94	67
94	78
97	60
97	83
87	58
98	83
72	73
87	53
98	67
78	73
88	73
82	73
70	53
31	67
95	73
92	58
98	73
96	73
36	73
86	60
100	73
28	33
10	73
89	80
63	73
87	73
87	72
93	83
95	60
94	78
99	53
92	73
53	73
90	83
100	60
96	73
98	83
99	73
78	73
94	67
97	73
80	67
56	60
89	73
86	67
87	67
78	73
69	60
93	80
95	67
85	67
95	73
56	83
97	80
87	58
89	73
86	60
85	83
85	67
99	53
59	60
83	58
93	83
98	67
56	67
92	73
86	73
90	83
89	83
66	73
94	83
47	73
93	83
94	73
87	73
88	67
92	73
91	73
98	80
93	73
83	78
93	67
93	73
61	73
94	73
86	60
88	73
16	80
89	73
91	73
97	60
87	80
51	83
97	78
86	73
99	78
89	73
86	67
66	67
95	73
99	73
87	67
89	73
78	73
94	67
85	58
83	73
45	60
96	53
87	73
78	67
83	83
90	73
59	73
46	60
93	73
85	73
71	73
94	73
83	73
94	73
73	73
89	53
56	67
95	73
96	73
98	67
86	73
87	73
91	73
86	78
88	67
86	73
83	67
88	67
86	60
85	67
73	80
100	73
83	78
97	67
78	60
100	67
83	73
85	73
83	73
55	73
72	73
77	73
86	58
90	67
92	53
85	53
46	53
72	73
93	83
94	73
96	60
86	60
92	58
90	50
86	73
91	67
87	67
91	67
62	83
85	83
89	60
86	73
66	73
10	73
46	67
83	73
85	53
91	73
93	73
89	73
98	73
57	80
61	73
95	73
26	60
91	73
53	67
86	53
89	80
90	67
94	67
83	53
91	83
100	53
56	73
97	73
90	73
99	83
90	73
72	73
100	73
98	58
89	60
63	73
88	67
95	53
85	73
95	83
87	67
85	67
86	73
90	73
85	67
83	73
100	73
94	83
86	73
98	83
12	67
83	80
51	67
90	58
92	80
83	73
67	83
92	60
85	80
95	83
56	67
94	73
94	78
83	83
83	89
91	73
83	73
91	73
84	73
97	73
98	73
86	60
26	58
98	67
89	83
99	80
100	73
57	73
86	58
97	73
56	83
73	80
77	73
83	42
83	73
96	73
89	53
85	67
91	80
78	83
42	73
85	73
34	73
97	67
93	73
78	73
83	73
83	73
95	80
92	73
97	73
40	50
74	58
85	73
93	73
83	73
72	73
85	73
46	73
86	60
98	67
85	73
87	73
86	73
96	67
99	73
100	67
93	67
99	53
88	73
87	72
86	73
83	89
59	73
90	60
91	73
83	60
42	67
89	73
86	67
100	73
99	67
89	83
86	58
85	67
86	73
81	73
56	73
88	73
93	78
100	67
52	73
100	67
99	73
89	80
92	73
83	58
34	58
78	83
56	60
56	73
89	67
78	83
75	80
73	73
56	73
92	67
96	60
91	73
8	73
46	73
89	60
83	78
99	73
57	80
85	67
83	73
94	67
99	67
86	73
72	60
94	58
83	60
98	73
78	60
83	73
100	73
97	73
95	60
83	73
86	73
83	58
90	83
86	73
96	67
56	67
56	67
56	73
99	60
92	60
83	67
95	73
43	58
94	73
88	60
97	73
99	83
75	73
72	67
97	60
72	73
66	83
95	73
56	60
62	80
36	73
89	73
43	67
86	73
59	83
100	73
89	80
86	73
90	73
86	73
85	67
8	83
71	80
86	53
98	67
97	73
57	67
90	83
83	78
97	67
88	73
97	67
100	60
92	67
92	53
63	58
83	73
90	73
83	73
88	60
83	73
87	58
45	60
86	73
100	67
99	53
73	83
56	73
86	73
86	58
93	83
99	53
86	58
90	80
85	60
95	73
73	73
100	73
91	73
85	73
88	67
83	78
98	73
87	73
98	58
52	53
97	73
92	73
96	73
89	53
86	73
96	73
94	73
83	73
96	67
88	53
72	60
83	73
98	73
85	73
83	67
93	83
99	78
56	58
96	73
73	73
71	73
94	60
46	73
51	67
99	73
93	83
64	73
88	67
92	73
71	73
56	73
83	73
85	73
92	73
88	67
88	58
67	60
75	73
69	73
93	67
91	83
94	73
57	67
61	80
94	73
99	67
93	67
72	73
86	78
56	67
89	73
83	67
99	73
63	60
85	53
87	58
71	73
92	58
73	58
83	78
90	73
56	73
91	73
83	80
85	73
66	73
83	80
73	53
88	78
92	73
92	73
88	73
94	67
86	73
87	73
96	67
100	73
94	73
88	80
89	53
66	73
87	58
51	42
85	73
56	58
72	83
84	80
87	73
86	73
86	73
86	58
94	72
96	78
83	80
57	73
90	73
96	78
85	73
93	53
86	73
83	73
78	73
78	73
93	67
99	73
92	53
83	73
93	83
92	73
86	73
89	67
93	83
85	73
92	73
61	73
83	67
85	67
93	73
94	73
83	73
78	83
70	67
87	73
75	73
52	73
99	83
83	73
21	67
88	60
97	89
39	73
90	73
99	73
48	73
97	73
99	73
10	73
83	50
97	73
85	73
83	78
86	67
96	73
39	73
85	58
52	50
93	73
94	73
72	73
83	73
78	73
94	53
85	67
96	67
90	73
91	73
91	73
51	73
85	58
90	73
87	50
100	67
83	67
99	53
86	73
89	80
90	60
86	73
97	89
92	58
91	53
72	73
93	89
74	50
94	67
90	73
63	73
91	67
93	73
90	83
86	80
85	73
90	83
87	73
83	73
97	83
85	67
94	73
94	83
95	73
67	83
91	73
100	73
88	67
89	73
96	67
99	53
86	73
65	67
28	73
71	73
98	73
100	73
85	67
87	73
72	73
98	60
73	83
39	73
90	60
87	67
93	73
90	67
96	67
99	73
95	58
99	73
86	73
84	73
88	83
86	58
65	73
56	67
100	67
90	73
51	67
99	60
92	73
66	73
53	73
86	73
94	73
90	83
99	73
85	73
85	78
90	42
94	73
99	60
87	60
92	73
73	58
85	73
72	73
64	73
83	73
99	80
100	73
83	67
69	67
87	80
57	80
63	53
100	73
95	58
94	73
83	73
100	60
88	73
93	73
83	80
93	73
72	83
83	73
85	67
17	78
88	73
48	73
90	73
83	73
63	78
47	83
78	83
89	73
93	83
88	60
46	67
86	58
90	73
53	67
91	73
83	67
83	83
85	60
83	73
51	83
94	73
97	60
83	80
91	73
89	73
93	67
90	73
89	73
94	73
90	60
89	60
98	73
78	50
84	73
56	67
78	73
94	58
86	73
88	73
95	33
93	80
83	60
99	73
83	58
78	73
93	53
69	60
63	53
47	73
87	60
75	73
100	67
90	73
92	73
89	83
83	73
93	89
63	67
98	83
97	73
84	83
71	73
99	67
85	50
61	67
22	73
87	67
91	73
73	58
90	73
55	73
89	73
87	67
87	67
83	78
56	83
69	73
99	73
56	83
63	58
97	67
55	67
59	73
83	58
89	73
94	73
90	73
99	73
86	73
87	67
99	83
94	67
80	53
83	53
89	67
98	73
92	73
83	73
90	67
83	67
39	67
89	80
67	73
99	60
98	83
83	67
87	83
83	67
83	73
94	67
92	73
88	53
97	67
78	73
71	80
72	73
94	67
94	73
63	60
21	83
92	73
61	78
96	60
94	60
98	73
86	83
86	73
63	67
83	73
90	83
39	73
97	60
83	58
96	60
85	73
66	67
60	53
88	73
94	67
94	73
93	73
99	73
85	53
89	67
85	73
99	60
89	73
66	73
83	50
34	73
83	73
83	83
89	83
96	60
28	73
83	73
31	73
99	78
91	73
91	72
74	73
97	73
98	73
94	73
89	53
96	83
99	73
89	60
83	58
100	60
99	73
61	78
83	73
85	58
83	60
83	73
98	80
90	78
78	73
18	78
56	73
46	58
83	58
99	67
87	73
90	73
89	73
90	67
96	73
97	73
83	73
90	73
98	67
85	67
87	50
94	67
90	73
42	73
91	73
71	67
93	73
86	60
85	73
100	67
83	58
89	73
99	73
85	67
72	80
57	73
93	73
89	53
67	67
72	73
72	67
93	67
85	53
84	80
94	73
14	67
61	67
83	42
100	60
96	60
85	83
83	80
85	73
98	67
83	67
89	73
91	60
90	73
88	80
87	53
83	83
99	73
99	73
91	73
94	73
83	73
94	53
83	73
85	67
57	53
90	73
83	67
91	73
86	78
94	58
93	53
89	53
72	53
97	73
56	73
28	73
97	78
32	78
94	73
46	67
75	73
18	78
93	80
100	73
85	73
63	58
94	73
96	73
59	33
67	73
100	73
56	67
21	67
86	83
95	73
78	73
91	67
88	67
83	67
75	73
84	80
83	73
90	73
95	73
87	73
99	73
95	73
95	73
86	73
92	73
72	73
85	73
80	67
99	73
88	58
90	73
83	42
86	83
100	73
72	53
83	80
85	73
86	73
85	73
82	67
99	73
83	67
89	80
93	83
98	73
87	73
90	50
87	67
98	80
97	73
95	58
77	67
85	73
72	50
72	67
95	73
73	73
86	73
87	73
27	50
93	73
83	73
96	73
56	73
93	73
83	67
97	78
72	67
93	73
86	80
88	58
98	80
46	73
77	73
97	73
91	83
84	80
86	83
90	73
96	73
91	73
89	73
94	73
91	58
92	67
85	67
66	67
84	73
90	73
85	73
100	67
83	78
96	73
98	73
93	67
94	73
85	73
92	78
34	73
92	73
51	73
97	67
92	73
97	83
98	67
98	73
93	73
56	73
83	73
93	67
86	73
72	73
93	67
93	83
86	80
94	83
91	73
95	73
64	80
87	67
92	73
51	67
83	80
97	73
85	73
89	73
71	73
100	83
86	73
83	50
95	53
89	83
91	67
90	73
88	73
88	73
93	53
99	67
89	73
94	60
93	80
90	73
89	78
100	73
56	73
86	73
97	73
85	78
100	73
99	83
61	67
87	73
92	73
89	83
28	73
63	73
100	67
85	67
78	73
21	83
83	73
85	73
87	83
94	58
70	73
90	73
72	73
87	73
99	53
78	73
87	73
83	73
89	73
83	73
89	53
61	73
46	73
99	83
100	53
85	73
87	73
90	73
90	83
83	67
99	73
83	73
95	60
94	80
51	73
59	73
90	53
92	73
98	73
85	73
90	73
86	80
9	73
47	78
92	73
93	67
89	78
83	80
89	73
95	78
90	50
83	73
98	67
95	73
90	50
23	73
99	53
86	58
94	73
51	73
78	73
100	73
95	73
96	73
88	67
84	80
96	73
86	73
39	73
96	73
92	73
83	78
87	80
93	73
72	80
84	73
90	73
73	80
63	58
99	73
100	73
62	60
83	73
100	73
99	58
96	67
95	33
85	73
86	73
86	73
83	67
85	67
92	33
46	67
91	83
90	67
67	60
87	73
87	78
91	73
97	83
66	83
93	83
88	53
92	73
21	60
61	80
46	73
90	60
91	73
63	53
85	58
93	67
87	67
83	78
93	73
91	73
85	50
78	73
87	73
97	83
86	73
99	58
83	67
72	73
95	67
89	53
13	67
85	53
56	73
42	67
86	80
86	73
87	67
85	53
47	73
89	83
99	73
86	73
85	60
52	73
43	78
87	73
83	80
83	73
90	53
61	73
86	80
99	58
90	73
67	60
72	50
100	73
87	73
46	73
99	67
72	60
83	73
86	73
65	83
91	60
90	67
62	53
99	73
94	83
63	50
100	73
83	73
83	83
67	73
93	67
78	83
83	58
83	73
55	73
90	67
87	73
40	50
86	83
66	73
65	67
95	60
90	73
83	80
100	60
94	73
86	67
47	78
98	60
73	80
93	73
87	73
55	73
87	73
88	73
83	73
98	53
89	80
85	73
98	67
87	73
90	73
93	67
98	60
24	80
99	53
92	78
98	83
85	67
85	78
93	67
78	83
91	73
89	73
90	53
88	73
93	80
86	73
88	73
79	73
67	73
45	80
97	67
100	73
96	73
86	73
50	73
16	67
38	53
83	73
96	73
85	73
83	78
96	73
91	60
70	73
97	80
95	67
89	73
99	60
99	73
93	73
83	73
88	73
78	73
67	58
100	73
90	73
90	73
93	73
69	58
97	83
90	67
85	83
93	80
78	73
83	73
89	53
83	73
93	73
67	73
96	67
83	67
100	53
72	67
51	67
83	73
83	73
51	83
87	73
92	33
89	58
56	83
78	50
99	60
83	73
83	73
94	72
94	73
96	67
88	73
93	73
83	73
78	73
91	73
83	42
100	80
88	67
99	67
89	60
71	80
90	73
91	73
89	53
56	67
8	73
96	73
86	58
99	67
85	67
57	73
56	67
91	60
83	83
12	73
89	78
86	73
98	67
34	60
78	73
86	78
85	73
83	60
56	73
93	73
99	73
57	67
92	73
99	83
92	73
63	58
69	67
95	60
83	60
97	73
91	73
100	67
98	67
99	73
56	73
61	78
93	73
86	73
78	73
63	73
86	73
98	73
56	78
89	89
86	67
91	73
92	73
87	73
93	83
99	60
98	58
97	73
86	78
98	53
83	73
99	73
92	67
94	83
89	73
86	60
92	73
87	73
62	73
91	73
99	78
90	83
88	78
100	80
100	73
89	73
72	67
98	73
63	58
96	73
72	67
95	67
83	73
97	73
86	73
88	67
95	67
86	60
90	73
87	73
94	72
87	83
88	80
73	67
98	80
52	73
78	67
90	78
85	73
89	73
100	73
95	73
86	60
97	73
86	73
97	60
94	73
89	73
57	67
88	73
86	73
72	53
57	80
95	73
100	73
86	67
92	73
92	73
67	73
12	83
96	73
61	73
98	73
51	60
65	67
61	73
100	73
47	78
78	73
87	73
96	73
93	73
86	73
86	67
93	67
98	73
72	73
85	73
63	78
83	80
86	73
88	67
44	78
85	53
56	53
100	73
88	73
95	73
97	73
83	50
86	73
96	80
86	83
88	67
94	67
98	73
92	73
95	67
83	53
78	73
86	73
91	80
89	67
93	73
86	53
85	67
78	73
83	80
100	60
63	50
83	73
70	60
91	67
89	73
83	73
90	80
84	67
99	73
96	67
85	73
93	83
85	78
85	53
88	53
97	83
93	67
98	73
89	83
99	67
83	78
79	67
98	73
63	73
88	73
86	78
56	80
78	73
85	50
93	73
78	60
92	60
99	60
55	73
52	73
83	83
100	80
82	67
88	73
91	73
83	73
88	60
47	73
85	67
90	73
73	73
65	67
90	83
89	53
99	73
62	73
83	58
83	73
98	60
88	73
97	80
98	67
88	58
92	73
86	73
82	50
95	67
86	60
88	83
53	67
91	73
92	73
86	58
90	83
100	73
88	73
72	73
78	60
95	53
86	73
75	73
78	53
78	73
90	73
72	83
96	80
90	60
28	33
98	73
86	60
92	73
83	53
64	58
86	78
83	83
88	60
99	73
98	73
96	67
83	58
85	78
72	60
96	83
32	78
26	73
86	78
90	67
93	73
98	73
73	73
86	73
72	53
68	73
96	73
56	73
72	73
94	73
59	67
85	60
90	60
88	73
93	67
99	73
100	73
86	67
12	73
100	60
67	73
94	73
92	73
83	73
91	73
99	60
83	60
89	60
72	60
96	73
56	73
89	80
81	73
78	67
96	60
93	73
78	73
70	67
88	60
72	80
86	58
87	80
83	73
51	53
86	58
85	73
78	73
88	53
94	67
87	73
83	73
67	73
100	67
83	73
72	60
72	83
99	89
90	80
92	73
99	89
99	73
93	73
86	67
97	73
86	73
93	73
87	67
78	67
83	60
90	53
78	73
96	73
52	73
57	73
99	73
96	73
97	67
98	67
94	53
83	73
87	73
95	73
98	73
85	83
100	73
95	80
89	73
90	73
83	67
72	73
87	67
98	73
88	80
88	67
98	67
87	73
56	60
97	60
56	73
100	73
83	73
83	73
83	73
8	83
69	73
97	67
86	42
91	73
85	58
48	73
25	73
100	67
91	58
100	80
61	73
91	83
83	73
89	73
46	53
100	53
59	78
100	80
96	73
90	80
94	73
97	73
90	67
87	73
72	67
83	83
85	53
78	53
94	67
71	73
86	73
100	67
89	83
83	73
100	83
78	73
92	73
92	73
88	67
86	80
63	60
99	73
92	73
83	67
97	73
96	67
85	53
78	73
17	67
86	80
98	58
90	60
83	58
86	67
99	73
89	53
94	73
96	73
93	53
89	53
91	73
18	78
85	73
93	67
95	73
97	60
89	67
99	73
99	73
89	67
87	73
88	73
86	67
93	73
83	58
94	73
93	58
86	83
94	73
72	83
94	73
89	67
67	73
83	73
83	83
96	73
86	73
93	73
51	73
88	67
100	67
91	73
93	83
34	58
90	73
87	73
42	60
89	73
87	67
88	50
91	60
90	73
90	80
47	78
88	73
69	80
85	60
98	73
90	73
57	58
98	67
66	73
86	73
88	73
83	73
91	60
94	73
90	67
87	73
56	60
61	73
94	83
83	73
40	67
90	73
98	73
87	73
63	60
83	58
72	53
86	78
83	60
66	73
99	89
96	60
99	60
40	67
86	83
88	67
92	73
83	73
98	73
97	73
89	53
97	50
97	78
86	73
86	67
83	73
55	67
83	73
97	60
91	67
83	73
90	73
85	50
89	73
94	73
94	73
83	67
96	73
93	78
85	73
96	67
96	83
88	42
98	80
94	73
66	67
72	58
86	73
100	80
72	73
91	73
98	67
85	73
99	60
85	73
28	73
94	73
99	73
83	58
63	73
25	73
34	73
83	83
26	73
84	80
75	73
85	83
83	73
98	83
99	60
56	73
95	53
26	73
92	53
95	67
51	67
90	60
87	53
87	73
87	67
45	53
72	50
90	50
95	58
96	67
78	67
88	73
97	67
88	78
83	73
98	80
84	67
34	73
96	73
92	73
72	67
88	53
85	73
71	73
56	80
86	53
90	73
72	67
56	73
99	73
95	73
86	73
97	89
98	67
93	73
88	67
96	60
100	73
83	73
69	73
93	83
21	60
91	73
91	73
61	67
95	78
90	80
98	73
99	73
78	73
96	67
90	73
93	73
78	73
67	60
90	80
52	73
56	73
93	73
98	73
85	60
47	67
87	73
93	67
94	67
71	73
90	73
91	72
92	67
93	73
100	53
71	73
66	67
61	73
85	73
72	73
98	58
99	73
99	73
91	73
98	67
67	73
92	73
86	67
83	80
91	73
66	67
98	73
91	58
51	73
95	73
87	73
98	67
100	67
92	73
73	83
89	73
86	73
72	73
91	67
98	83
94	53
88	73
64	58
52	73
98	58
89	78
97	73
83	60
100	73
97	73
94	73
83	53
93	73
92	73
93	73
42	73
56	67
83	73
87	67
89	83
92	73
88	73
85	80
99	67
91	73
86	78
97	73
72	67
90	67
99	53
86	73
51	67
98	73
91	73
89	67
100	60
87	73
92	58
88	73
13	67
92	67
88	73
86	73
92	67
97	73
92	67
85	60
56	73
74	73
87	83
83	73
85	73
99	58
92	73
73	73
71	83
85	60
93	73
91	73
86	50
34	60
92	73
73	73
100	53
86	67
93	73
86	73
88	73
98	83
86	73
98	58
72	60
86	67
92	60
82	73
73	73
98	80
97	73
83	53
83	73
26	73
34	73
56	83
83	60
77	67
90	67
78	73
89	42
88	73
89	73
89	73
57	67
91	67
89	73
85	73
98	58
32	78
95	73
86	73
86	73
87	73
83	80
83	73
93	80
83	73
90	73
72	67
83	78
86	67
90	67
67	73
94	72
99	73
88	58
83	60
86	67
94	67
63	73
87	67
98	80
87	73
83	67
83	78
93	67
100	73
78	53
83	67
88	83
26	80
99	73
86	58
100	73
56	50
100	73
88	73
85	73
92	73
86	80
56	73
83	83
83	73
96	73
96	67
98	83
83	73
95	60
97	73
86	58
98	73
94	73
87	73
83	80
83	73
99	73
90	73
87	73
94	73
87	53
100	73
39	73
83	73
67	73
88	73
93	83
98	73
46	73
79	73
62	73
92	73
94	73
95	73
95	60
97	73
89	80
89	73
51	67
56	53
86	73
99	73
72	73
87	73
99	73
85	53
99	73
85	73
86	73
56	73
88	80
85	50
88	73
56	67
83	80
97	73
89	67
87	73
83	80
90	73
97	73
97	60
94	73
90	58
88	58
95	50
93	73
43	58
92	33
8	73
83	53
72	67
98	60
99	67
14	73
86	73
99	73
86	73
90	53
95	80
83	73
83	83
97	53
86	50
89	53
86	60
96	73
78	73
99	73
28	67
96	73
97	73
97	73
83	73
88	80
88	50
89	53
72	73
86	83
90	73
97	73
56	67
94	67
72	73
83	60
85	50
88	80
90	73
83	73
91	67
47	78
86	83
67	73
67	83
57	73
72	73
89	58
85	73
92	73
83	67
83	83
97	89
83	80
85	73
27	50
67	50
88	73
90	78
92	53
95	53
51	67
85	83
93	89
92	73
90	73
65	73
99	73
59	73
57	78
89	80
83	73
56	83
90	50
61	73
72	73
14	73
86	73
99	73
93	73
83	73
90	83
95	73
91	73
95	53
94	83
98	60
85	60
85	67
98	83
83	67
100	73
83	53
98	58
93	73
87	60
85	58
46	67
72	67
26	73
86	73
56	80
85	67
27	73
83	67
85	58
72	67
99	67
95	67
63	73
83	73
88	73
95	83
86	53
89	67
96	73
46	73
90	60
78	80
92	73
94	73
89	73
87	73
89	73
52	50
56	73
95	67
71	83
83	73
88	78
56	83
92	58
83	67
56	60
96	73
96	60
18	50
85	67
97	73
98	73
86	83
96	60
73	73
91	80
85	67
91	73
90	83
57	73
59	78
90	73
91	67
71	73
83	67
87	73
87	73
87	67
88	67
89	83
100	73
87	83
97	73
85	80
89	60
86	60
88	78
88	80
61	73
99	73
94	73
63	67
89	73
94	58
88	50
86	83
56	73
83	67
85	73
93	80
42	67
63	67
99	73
86	78
72	73
56	80
91	67
97	73
72	73
70	67
97	50
28	73
93	60
92	78
83	73
99	67
99	73
70	73
83	73
98	73
56	83
83	73
83	83
89	73
91	58
89	53
96	60
86	83
93	73
52	73
96	80
93	73
59	73
93	73
100	73
99	73
86	73
88	67
90	73
83	73
86	67
78	80
56	67
83	83
96	80
87	73
87	60
97	73
72	83
56	73
83	67
70	58
94	73
99	67
67	60
83	73
66	73
96	78
100	73
86	58
88	73
89	80
56	67
90	73
92	73
85	73
87	73
85	67
92	53
63	58
88	67
83	53
86	60
83	73
72	73
89	73
98	58
26	73
88	73
91	73
83	73
52	50
100	73
56	67
85	67
90	80
99	53
63	50
75	80
28	73
91	67
91	80
66	73
89	83
90	73
90	73
85	80
83	67
90	73
73	80
83	67
51	73
97	60
88	73
61	73
92	58
90	83
92	53
99	73
94	73
57	73
98	73
83	73
72	73
89	73
87	80
72	73
56	73
96	73
86	58
85	73
78	60
97	73
83	58
83	58
100	53
63	58
97	73
88	42
90	80
97	73
69	60
100	73
93	67
86	53
88	73
85	67
95	67
85	53
97	73
99	53
88	83
56	80
87	67
93	67
96	67
86	73
85	73
87	60
83	67
96	67
78	73
99	53
90	60
99	67
63	50
60	73
94	67
90	73
67	73
91	73
95	58
46	53
86	58
85	73
87	67
97	73
61	73
96	67
83	67
83	50
93	67
86	73
78	83
93	73
91	67
98	73
91	73
95	78
98	60
72	73
95	73
83	73
83	73
99	83
95	73
99	67
86	73
98	73
87	73
95	73
83	83
85	73
50	78
85	73
85	67
94	73
34	73
96	67
85	60
83	60
72	83
95	73
86	67
22	60
93	73
91	73
87	73
87	67
89	73
90	73
85	73
100	53
95	73
94	58
72	60
94	73
23	60
97	73
85	60
92	73
93	67
56	83
95	73
85	73
83	73
78	73
85	73
98	53
97	60
96	60
94	73
84	73
100	73
98	83
87	73
85	80
92	60
93	67
99	73
50	73
83	73
42	73
99	53
86	73
94	73
46	67
98	73
98	58
83	73
83	73
92	73
89	73
91	73
83	73
94	73
83	83
85	53
86	83
55	73
56	73
88	73
56	73
83	73
95	73
92	53
88	73
92	78
83	73
99	73
83	73
85	73
88	73
94	73
90	73
63	60
83	50
99	73
92	67
92	73
61	73
11	73
83	53
26	58
21	83
90	73
92	53
86	67
87	73
63	73
98	78
83	73
63	73
78	67
56	67
60	53
88	58
100	73
94	53
94	67
100	80
88	53
95	67
97	67
85	67
95	73
28	33
100	73
98	73
75	73
86	73
16	80
99	73
94	73
96	73
99	73
85	73
56	73
99	60
78	83
87	73
61	78
84	73
92	67
73	53
83	73
57	73
83	73
85	80
90	73
90	53
78	73
46	73
88	60
89	73
89	83
56	73
86	60
93	60
85	73
56	80
30	53
82	67
75	73
92	60
91	73
96	83
52	60
98	80
92	73
93	67
98	73
89	73
72	73
87	73
87	83
85	67
90	73
83	80
99	58
46	73
98	73
95	73
85	60
94	73
60	53
72	73
92	67
99	53
89	80
100	73
78	73
85	53
61	67
25	58
90	53
98	58
73	83
94	53
14	58
78	83
72	67
86	67
85	60
92	60
83	73
98	83
28	73
57	73
95	73
55	73
98	73
92	73
98	73
100	60
87	80
100	67
85	73
95	80
85	73
97	83
83	80
85	73
86	80
100	73
93	67
100	78
99	73
100	53
23	58
100	83
50	73
72	73
57	58
84	73
94	73
78	83
72	67
97	83
88	58
87	73
97	73
97	73
61	73
78	83
85	73
8	83
90	73
72	73
59	83
91	53
88	80
86	53
98	83
94	73
99	73
83	67
89	42
86	53
92	60
67	60
100	67
83	73
94	73
100	78
83	67
97	67
97	83
85	89
87	60
86	67
92	67
83	60
97	60
86	73
85	73
30	53
88	73
97	73
86	67
83	73
85	60
72	73
98	67
85	73
100	73
91	67
83	73
90	78
90	78
86	53
42	73
72	73
99	53
95	73
94	73
89	67
98	67
94	67
8	83
86	80
78	80
94	73
42	73
95	73
16	80
98	73
98	60
89	58
93	73
83	67
13	67
94	73
89	67
97	73
91	58
96	53
91	78
91	73
56	73
100	73
89	73
56	60
86	73
90	73
93	67
89	73
89	73
85	89
90	83
89	73
78	67
87	73
86	67
87	83
94	83
63	60
92	58
91	73
71	73
99	73
61	73
90	73
98	60
90	73
90	73
57	80
97	73
85	73
97	67
85	73
67	60
94	73
56	83
89	53
86	73
85	73
86	73
99	67
97	73
98	73
94	73
85	73
86	78
35	78
72	73
90	73
85	53
56	60
100	60
98	73
90	73
63	50
56	67
92	73
83	53
100	53
83	83
89	73
90	73
92	60
93	67
10	60
78	73
83	80
83	67
34	60
91	73
85	73
98	60
99	73
94	53
92	73
88	73
56	60
86	58
94	83
91	73
85	53
97	73
86	73
83	80
87	73
88	73
83	83
94	73
87	67
91	73
89	73
94	67
98	73
34	58
91	73
40	67
86	33
86	73
93	73
72	78
95	58
100	73
90	78
84	73
94	73
93	73
72	73
87	73
87	53
93	67
66	67
89	60
85	58
83	73
84	73
96	73
86	73
99	67
95	73
94	73
97	80
94	42
84	80
83	58
91	73
89	83
23	58
63	60
89	53
46	73
86	73
17	78
78	73
100	53
78	73
94	73
40	67
86	58
51	67
91	73
8	73
85	53
94	67
99	78
92	73
95	73
92	80
99	58
99	83
69	67
34	73
90	73
56	73
93	73
21	67
100	67
94	73
83	73
61	73
100	73
34	73
95	73
99	73
72	73
39	73
100	73
97	73
94	67
98	73
83	67
83	83
67	53
85	73
51	73
63	60
50	78
78	53
69	78
86	60
88	73
87	73
90	73
94	73
94	73
98	73
83	73
67	73
94	73
86	53
99	73
88	73
87	67
95	73
90	67
90	83
9	67
97	60
86	73
92	73
94	73
83	67
99	73
83	67
86	73
83	67
95	53
85	67
83	83
90	53
94	73
86	73
87	53
87	67
93	58
63	60
88	42
88	73
85	83
100	73
63	83
93	67
87	73
89	80
54	80
92	78
67	53
83	73
21	60
90	78
89	78
83	83
63	73
56	67
90	73
89	53
100	73
94	73
78	73
86	80
86	83
46	73
99	53
86	67
89	67
88	73
94	58
87	67
85	73
78	67
98	73
47	83
89	73
14	58
69	80
56	80
85	50
88	60
90	67
25	73
88	67
83	60
91	80
88	78
98	73
85	58
86	42
95	73
73	73
83	83
89	53
83	73
64	73
86	60
95	73
93	67
88	60
89	83
83	73
95	73
95	73
100	53
91	73
86	60
89	53
42	73
93	73
46	58
65	33
83	73
57	83
88	73
83	67
71	60
56	67
89	73
78	67
79	53
93	73
72	73
90	67
73	80
99	73
56	67
86	67
56	73
100	73
97	73
94	67
89	73
95	73
85	53
86	78
63	60
67	67
90	73
83	73
73	67
92	73
87	73
86	73
90	78
94	73
99	73
93	83
90	73
90	78
55	73
98	80
47	73
85	58
56	73
91	58
86	60
85	73
92	67
78	67
62	83
85	67
83	73
62	60
88	73
83	67
83	58
100	67
94	67
63	53
89	73
83	73
92	60
98	73
85	67
86	73
100	78
98	73
83	73
87	73
26	73
83	67
70	60
89	73
94	73
65	73
91	73
97	67
85	73
86	78
21	67
72	73
98	67
90	73
86	58
83	58
87	67
86	42
83	83
99	67
95	53
83	73
100	67
95	58
46	73
88	73
62	80
61	83
83	67
46	67
47	78
73	60
95	60
83	73
86	73
72	60
96	73
87	67
31	67
99	73
90	83
78	73
83	73
88	73
71	67
85	73
62	53
98	73
94	83
83	67
90	53
67	73
96	73
90	73
56	50
94	73
97	67
94	73
98	60
85	50
89	67
83	73
91	73
88	67
97	73
96	73
84	73
86	73
98	73
63	50
88	80
99	53
87	73
89	73
88	80
99	53
64	58
18	78
92	53
96	80
72	73
100	89
34	67
88	58
63	58
88	73
88	67
92	53
93	73
90	50
92	73
40	67
83	78
83	78
66	73
26	73
94	60
56	73
78	73
83	73
87	73
93	80
87	83
94	73
34	73
91	58
56	67
88	73
90	53
91	60
27	73
96	73
92	73
91	67
93	73
98	60
99	67
89	53
72	53
90	73
85	78
83	83
91	73
83	73
90	60
85	73
92	73
97	73
93	83
93	73
73	80
91	73
55	67
88	67
90	73
94	73
71	53
91	73
56	67
99	58
87	73
87	83
83	83
93	67
94	73
26	73
100	73
52	50
86	67
57	78
95	67
100	60
94	73
86	83
91	67
99	67
83	53
83	73
97	73
73	73
96	80
86	78
94	73
85	60
97	73
69	58
83	73
86	60
86	58
92	73
56	73
99	67
90	67
24	80
67	73
85	73
57	73
86	73
97	60
86	73
99	67
98	73
78	73
83	73
83	73
93	53
67	73
92	73
89	73
86	83
99	83
83	73
98	73
59	73
40	67
62	80
97	73
93	73
90	60
94	73
92	67
92	73
93	60
100	67
86	73
100	67
86	60
94	73
91	73
46	73
91	73
75	73
94	73
89	53
86	73
78	60
92	58
89	73
75	73
97	67
18	78
90	73
90	78
83	67
92	60
87	50
72	60
98	67
99	83
99	73
80	73
100	73
13	67
100	80
72	73
88	67
87	73
88	73
95	67
100	53
78	50
83	60
72	73
97	83
63	78
100	67
97	73
61	78
46	73
83	73
56	67
89	73
85	67
91	73
85	73
89	60
89	67
92	67
85	73
100	73
94	73
75	73
94	73
78	73
86	50
99	73
95	73
100	73
95	73
95	67
83	58
83	78
85	73
83	73
97	83
88	73
98	73
83	67
95	78
85	73
94	80
93	53
78	73
92	73
63	73
99	73
46	53
97	73
83	83
18	78
83	67
56	67
78	53
69	58
90	83
85	53
99	73
71	67
78	73
89	58
86	73
82	53
86	73
87	67
83	83
83	73
89	73
100	73
98	60
85	60
83	73
87	73
94	73
83	73
86	73
95	73
66	73
89	73
94	67
78	53
89	73
99	73
34	73
92	73
89	73
94	73
90	53
91	73
16	80
99	73
88	58
73	73
78	73
61	67
91	67
67	73
85	73
83	73
83	78
34	73
85	50
88	73
90	67
99	53
86	50
94	67
71	73
89	67
92	73
56	60
85	60
95	60
51	80
94	73
100	67
83	60
83	67
65	67
93	73
100	73
87	73
99	53
56	73
89	80
85	67
89	83
42	73
97	73
83	67
99	67
86	58
67	53
93	73
90	67
95	67
92	73
86	83
63	73
86	58
86	73
83	67
85	73
47	67
100	80
93	67
92	78
90	73
91	73
85	73
99	73
85	73
83	73
78	73
99	73
92	33
82	53
85	67
59	73
92	73
99	67
83	73
83	83
78	73
99	67
86	58
91	58
85	80
72	67
99	60
91	73
92	53
98	83
96	67
56	67
85	73
86	60
100	73
66	73
88	80
70	67
87	73
83	73
95	53
83	67
99	73
85	73
89	73
91	73
96	60
85	80
97	73
95	80
66	67
100	80
83	67
34	58
78	53
99	53
83	67
88	67
95	83
72	67
93	89
34	73
70	67
100	53
55	73
26	73
97	73
16	67
83	80
94	83
83	73
97	80
72	73
66	73
89	83
73	67
99	73
86	83
95	67
91	73
100	73
26	60
93	53
98	73
90	73
92	60
63	80
89	67
46	73
96	60
91	83
83	73
99	53
72	60
16	80
75	73
88	83
85	73
73	73
89	50
89	67
63	78
90	80
93	83
72	60
63	83
97	73
84	73
56	73
96	53
97	60
56	83
99	53
51	73
78	80
97	67
92	53
44	78
96	67
97	73
100	73
56	53
97	73
85	73
99	60
86	73
98	67
83	73
81	73
98	73
88	73
34	58
56	60
75	80
86	73
90	80
85	73
85	60
46	67
86	73
72	53
95	83
47	78
69	60
88	73
83	73
83	73
43	73
99	73
63	60
90	53
95	60
92	60
96	73
83	73
72	58
62	80
89	73
90	60
83	67
85	89
91	78
78	73
71	73
83	89
96	73
90	67
72	73
72	78
72	67
16	80
89	83
42	67
85	73
89	83
90	67
86	73
89	73
91	73
100	73
89	80
89	67
78	67
86	73
20	73
98	73
95	53
52	50
85	67
83	53
46	73
73	73
96	60
97	67
86	83
99	73
97	73
97	89
100	73
85	58
92	73
92	58
90	73
62	60
83	67
100	73
67	50
98	73
52	50
91	73
96	67
66	67
98	67
96	73
56	73
88	58
88	78
97	67
42	67
86	67
24	80
64	73
91	50
91	78
91	60
56	78
92	73
98	80
92	60
94	73
87	73
47	78
83	73
91	53
46	67
78	53
34	73
14	73
94	73
93	73
72	73
93	53
42	60
88	73
94	73
61	73
92	73
85	73
100	67
91	73
98	83
34	73
78	73
95	80
85	73
92	73
83	67
89	73
63	58
93	73
72	73
46	73
88	50
90	73
98	73
89	53
87	67
98	73
86	83
52	53
93	73
78	67
93	53
92	58
98	73
85	50
92	67
93	73
93	80
87	72
91	72
90	73
93	73
91	73
88	42
98	73
93	73
99	53
97	73
61	73
100	73
93	83
79	67
96	73
86	83
96	73
83	73
73	60
94	67
91	67
56	58
96	73
88	58
46	73
65	67
65	33
94	83
86	73
92	73
99	60
86	83
94	67
86	73
82	73
86	67
86	73
89	73
63	73
91	83
100	67
89	73
56	73
83	83
90	73
99	89
89	73
99	73
83	67
95	73
85	73
34	73
89	73
85	73
77	67
93	58
89	73
78	73
88	53
86	73
99	60
87	67
97	53
46	53
93	73
90	73
94	53
63	53
89	80
63	80
83	73
98	67
86	53
72	73
100	73
100	73
83	58
89	80
97	73
71	60
93	89
89	83
97	73
83	60
63	58
83	73
83	67
94	73
83	60
83	67
95	73
95	73
83	67
97	73
56	83
56	73
88	67
89	67
94	67
89	60
99	73
92	53
94	50
97	83
72	50
83	73
96	80
72	83
88	60
83	73
93	73
86	73
86	73
98	67
95	58
17	73
32	78
89	73
83	60
90	53
78	73
92	89
81	73
86	83
87	73
93	73
98	73
83	73
84	73
100	73
64	73
86	67
89	60
90	67
74	73
84	80
83	83
86	67
87	73
85	53
59	78
89	73
85	73
99	67
95	73
93	73
86	60
86	73
46	67
87	73
85	78
85	83
94	73
91	50
96	73
34	83
97	73
83	67
59	73
70	73
85	73
83	67
92	83
92	73
88	73
98	67
86	73
85	67
94	73
83	58
89	73
86	50
85	58
88	83
72	73
84	67
92	83
83	50
78	73
86	73
86	73
98	73
85	73
48	73
89	73
75	73
89	73
98	60
98	53
66	67
95	67
56	73
65	73
83	67
86	73
92	67
83	73
63	60
90	83
88	73
88	67
95	67
92	58
83	58
85	53
100	73
95	73
92	73
86	67
66	60
96	73
53	73
78	73
89	73
90	53
86	58
92	53
88	67
89	60
85	73
83	73
91	67
83	58
59	73
98	67
88	67
92	53
83	67
92	60
69	78
99	60
87	83
100	73
90	73
46	60
8	83
89	60
96	60
63	73
83	58
90	67
70	60
94	73
89	67
78	73
98	73
89	67
96	60
67	73
92	73
89	53
91	73
52	67
83	60
100	53
94	73
97	78
90	73
98	73
26	73
89	83
42	73
34	60
72	67
89	83
73	58
89	73
95	33
97	73
46	73
51	53
94	80
85	73
89	78
51	73
87	73
83	73
63	60
98	73
83	73
100	80
34	73
34	73
91	73
51	67
86	83
99	53
69	60
100	53
86	73
67	73
56	53
94	73
66	73
96	78
85	60
56	67
72	80
83	73
91	60
17	73
53	67
57	67
83	67
85	73
98	58
56	60
94	72
83	78
94	73
85	67
78	73
92	73
83	73
85	53
75	73
91	73
90	50
93	73
96	73
92	73
63	50
86	60
97	73
98	58
86	67
95	73
93	83
91	78
94	73
96	78
78	73
100	60
87	67
97	73
86	58
88	67
88	53
16	80
92	73
98	83
95	83
8	73
72	73
83	73
89	73
97	83
89	73
69	80
84	80
86	78
85	73
85	67
57	73
78	73
57	67
34	58
97	73
84	58
56	80
92	73
74	73
28	33
83	73
99	72
26	80
83	73
100	60
98	73
26	58
85	60
87	73
93	73
93	80
86	67
93	58
73	73
78	73
67	58
90	73
94	67
83	42
85	58
98	78
72	73
88	80
65	83
28	67
96	73
95	83
78	73
93	80
84	80
90	78
83	67
54	80
85	67
85	53
98	73
91	73
89	67
93	80
86	83
98	73
90	73
34	83
42	73
74	73
63	67
72	60
92	73
63	73
89	89
72	73
87	73
73	73
99	80
84	80
99	67
98	67
18	58
83	67
83	73
28	33
99	73
86	73
85	53
86	83
70	73
85	53
86	73
72	67
98	73
46	73
14	73
78	83
85	73
74	73
88	73
83	73
46	67
91	73
88	50
90	73
73	73
99	67
63	73
91	67
86	73
88	73
87	73
100	80
88	73
85	73
94	53
69	73
89	80
66	58
87	67
95	73
88	67
95	60
95	58
91	73
90	50
93	83
34	73
98	73
100	73
97	60
88	73
83	83
83	73
85	53
73	80
99	73
90	73
85	50
89	80
97	73
85	58
86	67
51	60
71	67
56	73
72	73
91	73
52	60
87	73
87	67
83	73
67	60
87	73
91	73
99	53
61	73
98	73
95	80
94	73
89	73
100	73
100	73
90	67
85	83
100	60
87	73
89	83
52	67
63	58
94	83
18	80
72	78
88	42
92	58
86	73
92	53
91	67
34	73
17	73
88	73
42	73
93	73
88	73
87	73
91	73
94	67
83	60
94	60
83	73
83	73
61	67
28	67
100	53
31	73
86	67
99	53
83	67
92	83
86	73
90	73
93	73
85	73
100	73
63	67
61	73
86	58
85	58
57	78
63	73
85	53
89	80
84	80
90	73
83	73
56	60
35	60
65	67
83	67
93	73
67	60
99	60
92	73
92	80
98	73
99	53
94	73
100	73
93	73
63	67
91	73
95	73
95	83
97	67
99	60
89	73
98	73
85	73
86	80
89	60
100	53
65	67
96	73
83	73
83	60
90	83
72	67
72	73
64	58
99	73
63	60
99	53
72	73
88	58
99	83
63	60
85	67
63	67
93	73
96	67
56	67
86	73
39	67
90	73
89	73
90	67
74	73
91	73
99	73
78	83
98	73
72	73
83	67
97	73
88	67
97	73
93	73
89	73
86	73
97	73
56	73
56	80
83	60
14	73
85	73
63	58
99	73
94	73
56	50
66	67
90	73
91	60
88	50
99	83
67	67
86	42
52	67
83	53
96	73
83	73
85	73
77	67
98	67
74	58
73	73
90	73
90	73
86	73
78	60
32	78
89	73
91	80
86	73
65	73
56	83
75	80
56	73
85	67
95	67
85	50
98	60
83	67
98	80
72	73
92	53
78	67
96	33
90	73
99	53
34	73
83	73
85	60
83	83
97	60
100	73
88	73
93	73
86	83
99	60
56	83
94	83
98	67
98	73
100	73
98	73
91	83
88	60
85	73
94	67
56	67
72	73
100	60
99	53
87	73
92	53
93	73
90	73
21	60
96	80
92	60
83	73
89	78
100	73
95	73
63	67
83	73
85	67
95	67
65	73
83	58
89	53
42	60
63	58
72	60
86	73
28	67
88	73
89	83
94	73
99	73
94	73
63	60
87	53
83	73
89	73
99	78
92	73
97	67
85	60
94	73
92	73
86	73
96	60
83	73
95	73
86	67
95	53
86	78
91	73
98	67
63	73
98	73
72	73
63	60
51	73
61	73
89	73
85	73
86	73
100	67
86	73
85	53
93	67
90	73
100	73
56	60
99	73
72	73
98	73
51	42
99	73
86	73
94	73
63	73
88	58
82	67
83	73
88	73
95	73
87	50
97	83
85	60
98	73
88	73
86	53
63	53
87	73
20	58
95	73
40	67
98	73
50	73
87	73
86	67
89	73
98	67
93	67
88	83
87	73
100	53
90	67
95	73
66	83
39	67
86	58
85	60
94	67
86	73
99	73
98	73
98	67
75	80
88	73
46	60
78	73
93	67
85	73
63	60
100	73
56	60
96	60
95	73
90	73
63	67
95	73
57	73
89	67
90	73
25	67
89	78
98	83
71	60
86	73
72	73
91	60
93	73
86	67
90	60
99	83
47	73
32	78
93	73
52	53
87	73
85	73
83	60
92	58
83	58
67	73
97	73
83	73
61	73
90	53
99	73
88	73
92	73
90	80
83	73
87	73
96	80
83	73
83	67
46	67
88	67
100	80
96	60
97	67
83	83
94	83
87	60
90	60
94	53
87	53
22	60
83	73
92	58
43	73
94	73
72	53
99	73
90	73
96	73
99	53
83	73
90	53
72	53
79	53
72	73
97	83
96	53
69	80
91	73
85	73
83	73
83	53
69	60
86	73
90	60
89	73
90	60
86	53
99	73
83	73
91	67
95	73
55	73
85	73
89	83
55	73
86	67
66	73
47	83
95	67
86	67
86	58
43	78
93	80
92	78
83	73
50	73
83	73
85	67
90	60
85	83
75	73
89	53
86	73
88	73
85	53
93	67
85	83
83	67
90	73
96	73
94	73
19	72
85	53
85	73
90	80
9	83
34	73
85	60
84	58
91	73
88	73
42	73
90	73
98	78
92	73
55	73
94	73
71	73
93	73
93	83
71	73
100	80
85	73
85	73
100	67
88	73
83	73
55	67
92	73
93	83
65	33
85	73
46	83
84	80
94	73
98	67
91	73
18	78
99	67
83	73
83	73
56	67
86	67
97	73
66	73
83	73
88	60
100	67
99	83
87	50
96	60
92	67
100	58
34	58
96	73
89	73
85	73
88	73
73	73
51	53
98	73
96	73
91	60
99	80
72	53
89	67
87	58
97	73
85	53
95	60
85	73
99	83
99	67
28	73
88	73
88	73
100	58
78	73
86	73
63	73
89	83
61	73
93	73
56	73
87	67
88	73
85	73
89	73
78	73
56	83
83	73
93	73
78	50
80	53
78	73
85	67
97	67
81	73
87	73
84	73
78	50
86	83
98	73
94	73
96	73
56	60
85	60
100	60
89	80
73	58
61	73
73	58
92	67
56	83
94	73
87	73
90	73
83	83
89	60
83	67
83	58
85	73
90	73
85	60
87	53
95	67
83	73
88	73
91	73
94	73
100	73
99	60
88	73
91	67
85	60
91	73
59	60
86	60
72	53
90	53
100	73
100	73
97	67
85	73
26	73
87	67
98	67
98	73
93	73
100	80
74	73
51	73
97	67
42	73
83	73
95	58
96	73
96	73
85	67
87	73
90	73
90	73
94	58
94	73
98	67
85	73
63	60
90	73
98	67
98	73
97	60
98	73
89	73
89	58
95	50
14	58
61	73
73	58
96	73
94	73
63	67
86	67
67	53
55	73
43	67
55	73
42	73
85	58
78	53
92	73
94	53
83	50
96	83
83	73
86	73
98	67
67	83
98	73
86	73
94	67
89	58
83	83
94	73
90	60
94	50
72	60
43	67
99	58
83	78
43	58
87	73
74	73
92	73
98	73
83	67
55	73
88	73
73	80
90	73
43	58
88	67
69	80
98	67
83	67
83	53
23	73
85	73
83	83
72	73
94	67
56	73
89	83
83	60
94	60
80	67
95	58
90	53
87	67
83	67
83	83
92	83
89	73
88	53
99	73
78	53
57	73
78	80
85	67
26	73
83	73
85	73
86	73
83	73
99	53
61	78
94	42
97	67
97	67
97	60
95	73
93	67
83	67
83	80
100	73
61	73
92	58
88	73
97	73
100	73
85	53
86	58
93	83
67	60
89	73
90	73
85	53
92	73
73	58
56	73
72	67
83	50
56	60
78	73
83	60
94	73
56	73
89	73
94	53
78	73
87	60
98	80
89	53
97	73
86	83
94	73
74	58
100	67
86	58
83	73
83	50
47	78
95	73
83	83
91	73
34	73
72	67
92	53
89	60
98	73
98	67
88	73
83	73
83	80
73	80
99	83
83	73
85	60
79	67
83	73
85	73
83	73
86	83
89	73
70	73
98	73
94	73
86	83
83	73
96	83
96	73
61	67
98	73
61	67
83	73
85	53
100	60
75	73
93	67
88	73
86	73
86	42
59	73
93	67
65	73
91	73
83	73
85	58
51	67
97	73
87	73
94	73
89	73
83	67
57	83
98	73
70	67
86	67
98	73
98	60
92	73
90	73
86	67
86	60
84	83
78	67
94	72
85	73
87	67
88	73
62	83
82	50
94	73
99	73
91	73
86	73
92	58
71	73
56	67
90	73
99	83
91	73
45	53
95	58
63	73
87	67
96	67
73	83
25	73
83	80
63	60
97	73
100	73
87	83
86	58
60	53
56	73
93	60
86	78
90	73
98	83
93	67
86	83
63	67
100	53
87	73
93	67
83	73
100	83
11	73
83	67
89	80
94	73
86	67
100	33
66	73
63	73
97	73
83	67
94	73
71	53
89	83
86	78
97	73
96	73
14	67
91	73
90	73
59	73
63	67
88	53
96	60
85	73
16	80
72	80
96	60
87	73
100	73
61	80
57	78
83	67
94	83
88	73
89	83
98	83
83	83
88	67
85	73
73	80
74	73
71	73
83	83
83	78
99	67
83	73
72	67
87	73
97	83
78	80
94	67
96	83
100	60
93	83
70	67
86	83
90	67
74	50
86	80
72	73
87	58
85	73
83	83
83	73
92	73
72	73
87	73
85	53
83	67
83	67
99	73
86	73
61	73
11	58
100	80
92	58
89	73
63	73
97	67
85	53
18	73
51	73
91	67
83	73
53	67
59	73
85	80
34	73
72	60
92	67
92	73
90	78
93	73
88	67
95	73
85	73
56	83
51	67
94	67
89	53
83	73
86	73
90	73
96	73
86	83
86	60
69	73
83	73
17	78
78	80
84	80
85	58
51	73
89	73
56	80
98	83
93	73
85	83
96	73
99	73
78	67
72	67
78	73
97	73
98	73
96	73
86	73
96	73
94	73
86	73
85	73
91	73
85	73
69	80
99	60
97	73
83	83
98	58
72	67
85	73
95	67
98	58
85	58
83	67
88	73
90	73
46	53
85	73
99	60
95	73
99	67
90	67
72	80
65	83
92	83
56	83
53	73
87	73
90	67
90	60
93	53
100	67
46	53
71	83
51	67
97	73
97	60
90	67
91	73
97	73
89	89
100	73
65	73
88	53
85	73
93	73
83	73
100	73
95	73
83	73
63	67
97	73
92	58
62	83
87	67
89	53
21	83
93	73
97	73
93	80
96	73
90	67
78	83
83	73
52	73
88	73
94	58
96	58
93	73
89	83
86	67
85	73
87	67
96	73
86	73
91	73
70	67
61	73
72	67
96	42
16	80
98	80
69	60
88	73
99	73
98	73
100	73
89	73
99	60
86	73
78	67
46	67
17	78
86	73
99	73
90	73
57	73
83	73
55	73
87	67
78	83
99	58
94	73
83	73
70	60
86	78
83	73
78	53
78	73
85	83
95	73
67	50
95	73
99	80
56	53
87	67
91	73
96	73
91	58
87	73
94	83
100	73
88	73
65	67
46	67
97	73
100	78
83	83
86	73
91	73
100	73
98	73
91	73
78	73
95	67
89	73
87	72
67	58
94	78
62	83
52	53
97	73
12	83
89	83
93	83
86	73
98	73
94	67
