89	73
85	73
74	73
83	73
86	67
92	80
34	73
90	60
85	53
87	73
87	73
83	73
86	60
92	83
94	73
94	73
86	73
60	60
89	73
36	73
91	50
90	58
87	73
57	53
77	73
100	78
63	73
96	73
94	73
72	50
75	60
27	67
72	60
88	73
83	73
56	67
100	73
96	73
18	73
88	67
67	73
89	58
92	58
83	78
75	83
90	60
86	33
99	73
67	67
88	67
72	58
89	80
63	73
93	73
99	67
86	67
95	60
89	60
80	73
90	83
62	73
97	67
86	80
86	73
85	67
79	78
90	73
83	67
97	73
86	67
95	67
12	83
84	78
69	73
89	67
94	67
56	67
90	60
72	80
81	73
97	80
95	73
95	67
95	67
90	73
86	80
85	60
86	73
87	73
93	73
97	67
56	53
90	73
85	67
97	50
89	78
93	53
83	80
43	53
97	73
93	80
72	83
83	60
72	73
63	73
87	60
88	73
83	73
89	58
92	80
99	73
89	67
95	73
92	67
93	80
87	58
90	73
56	83
18	73
86	67
90	73
72	73
90	73
93	67
93	73
94	73
65	73
98	73
100	73
93	73
72	67
83	67
96	73
53	73
72	58
17	73
87	53
97	67
94	60
75	73
86	80
86	58
73	60
90	58
62	80
100	73
89	60
93	67
72	73
78	67
94	73
100	67
95	67
87	73
63	73
99	73
98	58
66	73
92	73
75	60
26	73
88	73
90	67
86	73
90	67
91	83
83	73
92	73
71	73
83	83
98	73
91	60
96	73
86	78
100	67
26	53
91	73
40	67
87	67
72	58
96	73
88	58
100	67
90	73
61	72
28	53
70	80
94	80
92	73
96	73
63	73
92	73
74	60
94	67
89	60
89	73
63	73
98	73
83	80
59	78
87	42
97	73
56	73
89	83
83	60
88	67
85	73
94	67
90	73
28	73
93	73
84	73
98	42
98	73
99	73
83	67
93	73
87	73
59	73
72	73
90	80
92	67
87	73
100	60
56	73
66	73
71	73
72	73
89	80
90	60
91	60
86	83
54	73
59	60
94	73
83	73
98	67
67	73
100	89
94	73
72	73
97	73
89	60
75	73
89	67
94	73
93	73
59	80
88	73
83	67
84	80
89	80
67	67
95	60
71	73
91	83
88	73
67	73
94	73
92	53
72	58
93	73
95	67
83	78
55	58
86	67
92	73
75	60
92	78
98	67
91	83
86	73
71	73
80	73
95	73
61	67
90	73
60	60
62	67
96	73
85	80
86	73
99	53
93	83
86	60
72	58
82	73
91	67
95	72
86	58
59	73
94	73
63	73
100	53
96	78
92	67
72	58
85	73
78	73
96	73
100	73
72	83
88	67
90	60
34	73
86	67
57	67
95	73
99	67
63	67
73	60
89	73
55	58
100	73
94	67
51	60
90	73
97	73
98	67
84	78
71	50
85	53
93	73
85	67
92	73
88	73
100	73
94	60
100	33
63	83
78	73
91	42
92	73
78	78
90	78
89	80
56	78
63	73
94	89
83	73
72	78
100	80
91	73
88	80
95	60
89	73
87	73
100	73
100	73
99	73
86	73
91	42
61	50
72	73
99	67
91	73
95	73
83	73
86	67
90	78
98	73
46	73
57	73
89	67
80	73
92	60
98	58
85	73
89	73
99	67
89	80
83	73
86	67
92	58
99	73
72	58
90	73
86	73
87	78
78	73
61	67
74	50
95	73
90	67
85	67
56	73
94	53
88	67
86	78
57	53
90	80
83	80
97	73
99	53
86	73
96	67
88	73
92	89
87	80
72	67
94	73
85	73
83	73
91	60
93	72
94	67
90	73
95	67
83	73
99	73
85	73
100	89
86	58
86	78
93	67
14	60
93	73
13	73
63	83
83	58
83	60
83	60
95	83
93	60
93	83
93	53
56	67
92	60
90	78
66	53
72	67
78	73
86	73
77	67
100	73
95	67
100	80
11	73
60	60
93	80
96	73
97	67
92	73
85	73
63	83
86	80
95	80
91	73
83	73
85	83
88	78
91	73
91	83
98	73
88	60
98	83
88	73
75	73
85	73
86	80
67	58
83	67
89	53
99	53
91	73
90	80
75	80
85	73
91	73
75	73
93	83
72	60
72	78
88	73
85	53
100	73
99	73
94	60
90	83
96	73
59	73
64	53
99	67
86	53
83	53
83	58
90	73
98	73
96	78
92	60
94	67
62	73
83	53
71	73
99	72
89	67
90	73
90	80
85	80
52	78
99	73
96	73
18	42
85	67
92	73
59	78
28	53
62	83
91	60
62	83
67	73
83	67
100	73
87	73
90	67
96	80
96	67
27	50
88	73
99	67
93	73
56	83
90	73
88	58
98	73
89	53
93	78
100	67
91	73
78	73
63	73
99	73
85	73
26	67
65	73
57	73
85	73
90	67
91	73
70	73
87	53
83	60
91	67
83	78
88	67
90	73
82	53
56	53
98	73
57	73
16	78
91	73
93	83
78	67
90	67
61	73
72	60
94	73
98	73
79	73
23	73
72	73
99	73
100	73
84	73
92	53
85	67
95	73
87	42
83	53
93	60
63	60
