87	73
90	73
83	80
96	78
40	83
94	83
92	73
59	73
86	53
71	78
95	60
83	67
95	73
61	73
87	73
90	73
88	53
71	73
97	73
88	67
72	83
91	67
99	73
56	67
93	73
90	60
94	73
83	72
78	80
85	73
87	73
40	83
85	60
83	60
83	73
47	60
83	80
88	53
83	83
86	67
22	67
97	67
99	67
95	73
73	73
94	67
99	60
86	73
100	67
85	60
93	78
84	73
93	80
86	73
100	73
90	73
97	73
18	53
85	73
32	80
92	73
86	42
83	73
90	67
84	73
53	73
100	73
87	80
98	73
83	80
99	73
85	67
66	33
88	73
85	67
85	67
99	60
83	73
83	73
86	73
95	73
56	78
89	73
93	67
86	80
94	60
93	60
56	73
97	67
72	73
90	73
94	67
87	67
87	53
83	73
85	67
83	73
86	53
67	73
83	73
86	83
94	67
89	73
63	67
83	73
98	73
93	60
39	73
93	67
55	60
98	60
87	67
67	60
88	73
56	73
86	53
72	67
85	73
72	72
51	53
90	60
95	67
60	73
100	67
98	60
91	67
92	60
83	78
83	78
78	53
100	67
70	58
66	73
92	73
99	73
99	83
18	53
86	60
72	67
65	53
91	80
96	73
73	73
87	67
66	50
83	83
89	73
92	73
92	60
16	73
91	67
100	73
72	73
74	83
78	83
95	73
83	67
82	67
90	73
85	58
71	73
95	53
63	73
85	58
83	67
93	73
56	73
83	67
91	67
21	73
100	78
93	73
92	60
94	80
94	53
93	73
66	67
88	73
94	73
85	73
47	60
93	83
51	83
83	73
93	73
67	73
71	60
79	67
90	73
83	67
83	73
46	58
63	73
96	67
88	58
93	67
63	53
87	60
60	67
97	78
71	80
91	73
62	73
91	67
87	83
78	73
85	67
72	60
99	83
72	73
22	67
86	80
98	80
56	67
72	67
87	73
96	78
56	83
96	67
100	73
94	60
16	73
100	80
73	73
85	67
87	73
100	73
83	73
92	73
72	67
100	67
85	78
66	83
43	67
95	73
89	53
100	73
83	50
62	73
88	73
86	73
90	50
100	67
70	73
86	67
88	73
88	67
90	80
83	58
46	67
88	73
90	67
86	73
100	73
56	67
85	67
51	83
91	67
98	73
72	58
91	73
93	80
56	73
98	73
78	53
87	67
72	73
89	67
99	73
88	73
86	73
90	73
56	73
94	60
83	58
83	73
90	58
92	42
99	73
90	73
83	80
63	89
83	67
89	58
94	60
85	83
97	73
83	67
97	73
99	50
87	73
66	83
67	73
98	73
73	73
67	67
83	80
83	60
55	73
99	73
73	67
73	78
95	53
47	60
90	73
100	67
67	73
87	67
78	73
99	73
83	73
91	73
90	73
90	73
98	73
71	73
34	73
86	53
79	73
86	73
83	80
97	53
56	73
66	50
98	78
79	58
73	67
70	67
90	83
83	58
91	53
90	73
85	73
43	73
92	73
83	72
76	73
86	67
73	73
56	83
34	67
23	60
98	73
85	67
97	60
86	33
94	73
100	67
23	60
83	73
46	72
87	58
61	73
40	83
93	83
83	67
90	67
83	78
96	73
72	73
63	73
82	33
90	60
99	73
99	42
98	73
78	80
92	60
87	78
62	78
78	73
83	73
99	42
96	67
85	50
84	53
98	80
88	83
95	73
93	67
93	73
85	53
99	73
88	73
61	67
83	73
85	78
62	33
64	73
94	50
83	53
30	67
97	67
92	73
83	80
96	80
96	60
88	73
92	73
100	73
86	73
99	80
89	83
97	73
57	83
23	73
46	58
86	53
95	80
90	67
83	73
93	73
86	73
78	53
71	67
98	80
93	83
63	67
84	80
90	73
51	53
83	73
43	73
40	67
87	67
86	67
97	67
84	67
73	83
96	73
54	73
98	73
94	67
69	73
86	73
87	73
96	73
83	83
98	73
78	73
87	73
92	60
80	60
56	83
56	83
67	73
83	73
91	53
17	67
86	73
92	67
94	73
90	73
43	80
83	60
84	53
95	73
64	58
63	67
70	67
86	73
86	73
57	83
94	73
53	73
100	78
78	67
28	73
90	58
91	73
85	53
96	60
46	73
87	73
85	73
56	73
85	53
88	83
93	53
79	67
87	73
46	67
97	73
17	67
51	73
93	73
84	73
56	83
72	73
94	60
18	58
97	67
99	60
99	73
88	73
85	78
88	73
83	73
92	73
71	73
83	53
91	73
51	73
92	80
88	73
89	83
86	73
89	73
72	50
97	58
56	73
87	67
86	80
86	73
90	73
90	67
99	73
66	73
25	73
91	73
89	73
87	67
88	53
99	73
93	67
87	67
91	78
86	73
86	60
99	73
86	73
87	67
26	60
88	73
98	73
93	73
96	83
99	80
83	67
83	73
34	73
96	80
86	73
92	53
85	58
86	60
87	73
84	73
78	73
83	67
62	73
99	73
99	73
93	73
27	73
78	78
83	53
89	60
90	72
90	73
83	60
94	53
94	73
98	58
54	73
90	50
86	53
93	67
94	67
92	73
89	80
95	67
99	73
85	73
83	50
70	73
37	73
86	53
94	73
91	89
83	73
87	83
100	73
97	73
98	67
83	53
94	80
94	73
99	73
96	73
99	73
91	73
56	73
72	73
83	78
79	73
87	73
64	67
56	80
83	73
97	83
85	73
63	73
92	73
93	73
38	78
99	73
83	73
62	73
86	73
83	67
89	83
83	50
100	53
87	67
89	73
98	73
83	73
83	58
86	80
97	73
89	78
99	60
93	73
51	78
89	83
89	60
12	73
96	78
94	73
93	73
87	83
86	73
86	73
98	73
92	73
100	73
86	73
83	73
94	73
64	83
62	73
85	67
70	60
94	89
61	73
87	73
83	60
90	83
71	73
91	67
94	67
61	73
100	83
85	67
86	58
95	53
90	73
23	73
71	73
86	60
61	60
91	73
87	67
78	53
71	67
97	78
85	67
91	73
97	73
91	53
86	73
86	58
88	73
83	67
94	73
89	67
93	89
85	67
88	73
86	53
88	67
62	73
62	73
72	67
69	73
71	80
83	80
21	67
85	73
43	78
98	67
83	67
56	67
97	73
87	67
100	73
90	58
71	73
78	67
83	73
96	73
85	73
34	80
86	80
95	73
39	73
60	83
91	67
83	73
88	73
61	73
89	73
99	73
99	53
69	80
90	67
86	73
98	73
83	73
93	58
97	73
92	67
87	73
96	50
100	73
96	50
92	83
99	73
99	60
87	67
95	73
98	58
98	73
68	73
99	73
83	73
87	50
99	53
56	53
83	73
87	73
85	67
99	73
95	73
86	80
97	73
100	67
86	73
98	73
85	60
95	73
83	83
89	53
67	73
85	67
79	73
78	67
70	60
84	73
78	73
98	53
97	83
83	73
91	73
56	83
86	73
83	73
92	73
78	83
88	50
85	73
93	67
99	78
84	73
91	60
90	80
83	80
59	73
89	53
85	67
92	42
86	33
20	73
67	67
92	73
86	73
90	67
85	83
98	42
78	80
95	73
87	73
86	53
85	60
73	67
90	83
90	58
95	83
86	73
96	60
83	73
95	73
97	73
94	73
95	60
83	80
90	73
85	73
83	73
99	73
96	83
87	73
92	73
89	73
74	60
99	67
62	53
46	58
53	73
83	73
100	73
53	73
94	67
92	53
92	73
85	60
90	73
83	73
91	67
93	73
72	73
92	73
63	67
86	73
78	67
98	73
94	67
87	73
66	73
78	80
83	73
69	73
93	73
62	53
83	73
100	73
89	73
89	60
92	83
12	67
30	73
51	78
92	73
67	73
91	67
94	72
94	73
83	73
70	73
72	73
95	83
90	73
94	73
86	67
100	73
63	73
83	67
85	73
83	73
89	67
86	80
89	83
42	73
98	73
98	73
88	73
53	83
72	83
13	73
98	80
86	42
86	67
97	67
91	53
90	73
96	73
85	67
85	73
12	67
93	73
94	80
93	33
83	73
99	78
97	73
85	67
86	50
61	73
85	80
92	73
95	73
83	73
92	73
87	73
57	60
53	73
91	67
86	73
71	67
93	60
83	73
71	83
97	67
89	60
85	80
90	73
83	83
89	78
34	60
83	67
73	80
92	67
85	73
90	67
98	73
90	67
88	73
83	73
86	83
99	80
93	73
12	73
85	73
91	83
86	73
94	73
78	73
95	73
83	73
71	58
78	53
97	73
46	73
86	60
100	80
72	80
93	33
38	78
99	67
99	73
96	73
86	83
73	73
16	73
88	67
56	73
94	73
95	73
89	80
85	73
92	73
89	73
83	80
85	73
72	73
97	73
86	73
83	60
90	73
87	67
85	80
66	50
72	73
93	80
18	53
88	80
56	72
87	67
86	53
72	72
99	78
98	53
100	60
98	58
57	60
95	73
92	73
100	60
89	73
67	73
89	80
93	67
83	73
71	73
93	80
48	73
99	73
86	73
55	73
88	58
72	53
56	78
71	60
90	73
40	83
61	73
83	67
41	73
98	73
63	73
72	60
91	53
83	60
83	73
56	53
96	67
85	73
100	73
85	83
89	53
100	67
94	83
89	58
32	73
13	73
56	73
13	73
93	73
45	60
85	78
97	58
63	53
76	73
73	73
89	73
97	73
83	60
90	67
86	73
92	73
16	73
93	83
99	73
85	58
10	73
85	53
92	67
63	73
98	73
92	73
96	73
72	67
89	73
96	67
56	67
83	80
66	73
96	73
100	67
86	80
56	67
97	73
98	73
97	73
86	53
97	67
85	73
87	73
83	78
93	67
90	73
83	67
85	73
83	67
88	73
91	73
96	50
87	67
100	73
91	73
28	58
46	73
100	73
72	60
89	60
16	67
16	67
64	60
96	60
85	73
71	73
92	73
78	73
31	78
96	67
73	73
99	73
96	73
73	73
12	67
89	73
12	73
72	60
78	73
61	73
88	50
78	83
71	73
86	50
39	73
99	53
99	73
90	67
92	73
80	83
94	53
85	73
85	73
86	73
93	58
97	58
83	73
62	73
100	73
46	60
93	58
99	73
99	80
93	73
83	67
87	73
97	67
72	83
79	67
93	89
99	73
83	73
92	73
85	67
100	73
67	67
98	67
100	73
93	60
100	67
96	73
92	80
96	73
83	73
72	83
87	67
89	73
89	78
86	73
93	73
63	67
99	73
85	58
69	80
96	73
72	67
85	53
90	50
87	60
91	80
72	80
61	67
93	67
100	73
87	58
72	73
56	73
89	73
64	73
96	73
86	73
99	73
70	78
83	58
86	73
100	73
74	67
21	73
88	73
56	58
86	67
94	73
83	53
62	53
22	53
89	73
94	73
85	73
89	60
51	67
91	67
92	73
80	89
91	53
99	67
85	80
83	73
73	67
65	73
100	67
86	73
56	78
100	73
93	73
95	73
90	67
30	73
78	67
83	73
85	73
42	80
83	67
87	73
87	73
13	73
17	73
85	73
83	80
88	80
94	67
88	73
92	78
98	67
86	73
67	73
95	67
83	60
84	73
61	60
86	73
71	83
69	73
51	80
97	73
83	73
89	73
94	67
85	73
90	60
95	73
12	60
92	58
90	73
85	67
86	73
88	83
97	73
32	73
99	60
94	73
88	73
83	73
61	67
88	80
78	73
59	73
86	80
52	67
13	33
91	60
92	73
97	73
89	67
91	73
86	73
83	67
63	67
63	73
72	73
86	80
51	83
51	83
99	73
71	73
92	73
98	67
96	67
92	73
100	67
96	73
59	60
54	83
62	53
100	67
89	67
87	83
91	53
98	73
97	67
89	67
92	67
97	67
100	67
97	73
91	73
78	67
92	73
86	73
84	73
77	67
83	73
91	89
13	73
96	60
48	67
89	67
83	73
83	67
83	73
83	73
51	73
90	67
64	73
100	73
93	73
94	73
93	73
87	50
88	53
56	73
83	83
78	60
99	53
86	73
61	53
91	67
92	67
56	73
90	83
73	73
23	60
63	73
98	83
78	67
85	80
92	73
97	78
86	73
87	73
30	80
92	73
85	78
98	60
100	73
95	73
86	42
95	80
83	72
93	78
84	73
99	83
90	72
83	67
61	73
83	80
97	73
85	80
63	73
55	73
56	67
86	42
93	67
95	83
21	67
88	83
78	73
85	73
99	73
78	73
56	78
88	80
98	42
86	73
59	60
71	78
99	73
96	53
56	78
86	80
91	58
51	67
86	53
96	80
86	73
97	58
89	73
59	60
72	42
83	73
57	73
93	58
83	73
91	73
91	89
87	67
39	73
87	83
96	50
63	73
86	73
86	53
93	73
94	73
86	80
97	73
91	53
83	67
86	73
85	83
93	73
87	83
91	73
73	67
56	73
100	73
97	67
71	73
95	73
96	73
66	73
85	67
28	83
97	67
93	73
90	72
97	73
83	73
89	67
93	80
85	73
72	72
73	73
90	73
95	53
83	73
50	73
97	73
63	73
83	67
97	67
83	60
93	73
91	73
76	67
87	73
85	73
83	60
19	80
100	78
98	67
83	73
56	53
95	73
99	83
86	73
96	83
21	73
85	60
56	67
88	73
98	73
92	73
63	67
94	80
78	73
96	78
93	60
96	73
96	73
87	73
83	60
95	73
85	67
96	67
98	73
95	60
92	83
96	60
18	53
84	80
88	33
94	83
47	60
91	73
86	80
89	73
85	73
100	73
39	33
95	73
85	73
40	83
56	73
86	73
86	73
67	73
87	67
27	73
90	73
85	73
98	53
85	73
88	67
64	67
99	73
85	73
87	67
92	73
85	67
84	83
94	53
12	73
69	73
83	80
56	73
88	73
83	73
98	73
98	73
72	80
83	73
91	73
100	60
51	73
32	73
72	73
85	58
98	53
63	50
55	78
92	73
97	73
83	73
88	58
91	80
100	73
93	73
78	83
96	67
88	73
87	67
83	73
95	67
86	80
30	80
64	60
100	73
86	80
28	73
72	73
12	73
94	73
98	42
94	73
73	73
85	80
51	67
51	53
97	60
92	73
90	78
92	73
43	73
86	67
77	67
85	80
99	83
27	67
87	67
88	73
99	80
92	80
96	73
86	73
97	73
56	73
86	73
97	73
73	73
93	73
30	73
83	78
43	73
74	67
98	73
94	80
78	60
93	60
40	83
83	78
86	53
87	67
97	58
87	67
70	67
92	53
93	67
87	67
64	58
73	73
87	73
97	73
72	73
87	73
83	73
94	73
98	53
94	83
100	67
99	73
99	73
93	67
62	73
92	73
99	53
63	73
72	83
93	80
87	73
97	80
72	67
95	73
56	60
86	53
63	73
83	67
86	83
96	67
72	80
72	83
91	73
63	73
70	60
90	67
93	80
86	73
72	67
79	73
91	73
95	80
63	83
86	33
90	73
51	78
87	67
88	73
55	73
86	73
83	73
20	72
85	83
91	67
92	73
98	83
85	73
98	60
91	60
90	73
69	73
83	83
98	53
90	67
97	73
83	83
83	73
54	73
89	73
98	73
94	53
87	73
93	73
89	73
87	72
87	73
85	73
85	73
96	83
83	53
85	67
86	73
85	60
94	83
61	73
86	73
98	73
83	67
94	33
86	73
92	73
67	73
92	73
97	67
93	73
91	60
85	73
46	67
94	67
85	83
87	73
86	73
94	73
90	60
93	73
95	73
95	53
94	73
86	67
92	83
87	67
99	80
86	60
83	83
99	73
57	73
93	58
53	67
100	73
83	80
91	73
57	67
94	33
92	58
85	78
56	73
97	53
93	60
91	73
92	73
85	67
86	73
91	58
52	67
90	73
93	73
70	60
65	67
97	67
59	60
83	73
87	73
86	80
12	73
51	73
83	67
83	60
92	67
67	80
85	73
17	67
97	73
87	73
72	67
93	73
92	80
87	58
96	67
98	80
85	73
86	73
87	73
86	67
86	73
86	73
83	83
92	67
83	73
83	60
14	60
73	73
100	60
98	73
90	83
70	67
94	67
67	73
56	78
85	67
86	73
93	73
90	73
85	42
93	67
95	60
73	80
92	67
100	58
96	73
91	73
72	67
73	73
93	73
39	73
88	73
86	67
90	73
89	78
98	73
85	73
88	67
95	73
91	67
88	80
16	67
83	73
64	60
86	80
62	73
97	73
85	60
95	73
96	60
53	73
51	67
86	73
92	73
87	73
83	53
97	67
72	78
90	73
46	73
100	80
44	67
12	80
93	60
83	73
94	73
89	73
100	73
85	83
86	73
56	80
93	67
86	60
83	60
32	80
71	73
72	67
95	73
69	73
67	58
85	80
83	67
51	73
96	50
99	83
95	73
93	73
83	73
74	73
98	73
99	73
98	73
87	50
73	67
90	67
90	67
85	67
87	73
85	60
91	73
92	67
72	73
91	73
94	67
61	53
39	33
67	78
90	50
90	72
85	60
71	80
97	73
83	67
90	73
86	73
83	73
55	80
70	73
56	78
86	58
87	73
64	60
87	73
40	53
97	83
61	73
72	80
94	33
55	73
83	83
83	83
92	67
78	78
84	53
86	73
90	67
69	73
59	60
56	73
42	80
99	73
94	73
99	73
96	60
91	73
72	73
97	73
89	67
100	67
88	73
93	73
94	67
86	67
72	73
93	73
72	67
87	67
98	73
65	73
91	73
21	73
20	83
90	73
39	53
91	73
89	53
100	80
100	60
63	67
83	73
100	78
96	67
95	67
95	60
83	73
12	73
100	73
88	73
85	73
86	67
78	67
86	73
83	67
72	80
92	53
87	67
93	83
96	53
100	67
85	73
28	67
63	67
93	67
97	83
50	60
83	73
86	53
72	80
96	73
98	67
95	67
72	73
98	73
90	73
91	80
88	73
56	73
78	53
59	73
100	73
25	73
83	67
92	73
94	73
83	33
90	73
93	60
66	73
83	73
88	73
94	73
92	73
99	73
89	73
89	73
38	78
83	67
85	73
92	73
32	73
71	73
86	73
97	73
89	53
96	80
95	73
97	53
93	73
99	73
83	58
99	73
72	73
95	80
28	53
91	89
96	67
90	67
78	67
73	73
86	33
56	53
89	73
17	67
86	73
83	67
72	67
76	73
90	67
72	67
99	67
95	73
86	53
86	60
87	73
100	60
53	73
100	73
96	50
87	73
93	60
86	73
94	67
51	83
79	73
88	73
95	53
89	67
62	73
98	60
90	73
86	67
91	67
90	73
42	73
96	73
85	73
87	80
74	60
92	53
85	73
93	89
84	73
56	53
87	73
89	73
85	73
85	60
86	50
86	67
83	73
92	73
98	73
84	73
83	73
99	78
96	73
65	53
57	60
91	67
86	83
87	72
88	50
99	73
94	73
72	73
64	58
100	83
93	73
100	53
96	67
55	67
89	58
90	60
100	73
89	89
97	53
83	73
95	73
62	33
84	67
78	67
34	80
94	73
79	73
97	67
56	67
83	73
99	67
86	42
86	73
86	60
94	60
99	58
92	73
86	53
86	53
34	60
56	60
78	67
86	67
83	73
86	42
83	73
87	73
63	60
83	58
67	73
83	80
97	67
87	73
91	67
43	80
79	67
73	73
92	53
78	73
71	67
90	58
63	83
94	67
72	67
90	73
83	73
100	73
78	73
87	67
86	67
87	73
100	60
100	73
87	80
86	53
91	73
91	67
87	73
100	73
89	73
99	80
88	73
91	73
30	83
90	72
87	73
90	60
67	73
78	73
18	53
78	73
96	67
99	60
93	67
94	78
95	83
85	67
88	73
99	53
96	60
94	83
62	73
92	73
99	73
67	60
97	67
85	78
97	73
92	73
88	60
98	73
83	67
79	73
83	73
57	73
100	83
70	78
83	67
20	72
91	73
94	67
79	58
89	42
98	73
90	73
94	73
88	53
97	73
87	67
85	67
62	73
96	73
21	73
91	67
85	53
92	67
56	67
92	73
85	73
92	67
90	67
78	53
87	73
78	67
86	80
63	73
86	80
92	73
83	60
87	73
95	73
92	72
92	67
87	73
92	67
66	60
91	73
98	73
91	78
62	73
72	73
52	73
83	73
75	73
90	60
83	73
99	73
92	73
83	73
56	78
86	67
85	73
87	73
85	53
18	60
92	73
86	67
72	83
97	50
98	73
85	73
88	58
98	73
85	73
28	83
93	73
86	73
99	73
96	33
88	80
89	60
72	60
88	80
96	83
85	67
90	73
94	73
88	67
86	33
56	73
83	73
71	60
86	67
88	73
100	73
95	73
94	73
80	80
67	73
88	67
96	60
99	60
56	67
96	60
99	73
95	67
99	78
93	42
89	83
96	60
67	58
83	67
39	73
87	73
92	73
89	78
92	78
78	73
56	73
51	73
83	67
86	73
97	67
90	73
86	73
100	67
92	73
91	73
61	53
71	60
93	53
95	60
71	67
87	67
83	73
99	73
87	73
100	67
95	60
83	73
90	73
86	50
94	60
97	73
80	78
64	67
78	67
83	53
85	78
83	67
73	67
87	67
66	73
94	67
94	53
90	58
83	67
93	73
60	73
86	73
78	73
95	73
100	60
78	83
89	67
90	80
98	73
74	73
53	73
64	58
83	78
91	58
91	78
34	67
93	33
91	83
98	73
91	73
93	73
95	60
93	60
83	73
83	67
85	73
83	50
86	73
94	78
92	80
67	67
84	83
92	73
83	83
59	73
100	73
92	73
92	73
48	67
61	67
34	73
78	73
98	73
100	73
97	80
89	67
95	73
83	83
83	60
92	73
89	53
61	73
66	73
86	83
43	67
90	73
57	73
97	73
83	73
91	53
86	73
66	73
16	58
27	73
97	73
46	60
83	80
97	73
86	73
92	73
92	73
99	67
91	78
56	78
67	73
94	67
72	60
83	67
72	53
89	73
99	80
72	83
92	73
85	73
71	83
85	53
84	73
41	73
50	58
86	73
93	73
86	60
90	73
97	58
55	73
78	73
85	73
90	73
12	60
83	73
65	53
91	73
94	78
79	73
52	73
91	67
66	73
73	73
85	67
83	53
87	67
83	67
83	58
92	80
89	73
72	83
72	80
73	83
18	53
96	83
99	73
87	72
88	73
13	73
97	73
85	73
93	58
16	73
98	60
85	73
44	67
89	80
83	73
88	67
85	67
90	73
86	80
57	53
91	78
94	73
95	80
83	67
40	73
94	73
63	50
90	53
86	73
93	80
95	73
34	73
86	80
94	67
98	73
95	73
91	67
95	53
94	50
86	33
98	53
78	67
100	73
83	53
94	73
96	83
85	73
98	60
85	67
67	60
91	80
56	73
87	67
93	73
64	60
72	67
83	60
86	83
72	67
51	83
94	53
78	67
86	53
89	73
90	73
90	73
83	67
86	67
66	53
23	73
98	60
86	53
89	73
100	83
86	67
91	80
91	73
92	73
99	78
85	73
87	80
88	67
98	67
85	73
95	78
91	78
95	73
83	73
63	73
87	73
86	80
92	73
99	67
93	73
100	73
86	73
86	73
96	73
74	73
16	58
85	73
88	67
94	80
85	73
85	83
93	80
56	78
86	80
83	58
97	67
93	73
36	73
95	73
89	80
85	67
67	58
92	83
91	67
83	73
88	73
87	73
87	73
93	73
98	58
83	78
91	67
92	73
56	67
97	33
97	73
93	60
93	67
94	67
90	73
83	73
14	73
14	83
34	67
12	80
100	73
94	67
37	73
39	72
88	60
9	67
83	73
85	83
81	53
72	80
56	73
88	67
86	42
92	73
71	67
78	80
93	83
73	73
93	73
99	73
56	67
83	60
100	53
92	73
99	73
83	73
85	73
72	73
87	67
91	73
98	73
70	78
78	60
91	67
54	60
56	73
88	80
72	78
85	78
83	73
85	73
86	60
96	78
96	73
73	73
85	67
83	73
94	67
94	73
83	73
83	73
86	73
87	73
83	73
92	73
83	73
96	53
85	73
87	73
97	73
89	67
85	73
88	73
83	73
89	67
96	80
87	50
91	67
83	67
56	53
100	80
8	60
30	83
79	73
93	73
78	78
83	58
90	58
72	73
85	50
90	73
89	58
83	80
97	67
96	78
21	67
97	67
98	73
88	73
90	73
61	73
90	73
94	73
23	60
76	67
89	73
88	73
79	89
72	73
97	73
92	73
97	67
89	73
99	78
96	83
83	78
94	73
92	73
99	80
30	83
88	60
93	67
88	67
97	73
19	80
83	78
99	73
12	73
59	73
90	83
67	60
91	73
86	73
20	72
98	73
85	67
88	83
81	53
83	78
67	73
93	73
46	67
96	73
83	72
91	58
47	73
72	53
84	73
83	80
86	73
100	67
67	73
89	73
96	53
88	67
91	73
99	73
34	60
93	67
83	60
83	73
62	73
87	67
99	78
94	67
67	73
45	67
78	53
56	67
90	67
56	73
51	73
83	73
97	58
97	73
86	73
72	83
100	73
93	73
93	58
86	73
90	73
72	60
98	73
78	83
86	67
66	73
85	78
100	73
95	73
92	73
86	53
83	73
72	60
88	80
91	73
94	60
63	67
94	50
56	58
87	73
71	73
86	67
78	73
61	53
98	60
78	73
51	73
83	53
72	73
96	73
85	73
74	73
61	73
39	53
83	73
98	58
85	67
73	53
89	60
84	80
89	78
55	58
100	73
56	78
91	73
99	73
97	33
83	60
94	80
48	73
90	50
72	73
95	73
90	73
62	73
90	67
98	60
95	67
85	67
83	73
99	73
97	73
66	73
56	73
89	53
67	73
62	53
83	73
87	67
89	67
83	67
98	73
83	73
57	53
92	73
13	73
83	58
92	73
83	67
90	58
91	73
100	67
89	78
56	73
83	67
56	83
93	73
99	80
66	83
83	67
90	73
57	73
93	73
72	83
46	58
20	73
85	73
13	73
93	73
83	73
96	73
83	50
97	73
86	73
89	73
71	78
87	73
85	78
61	73
95	53
85	78
93	73
21	73
99	73
85	73
86	73
52	67
64	83
85	67
100	73
75	73
98	80
46	72
89	73
86	83
92	50
83	73
71	67
99	60
91	73
97	73
89	73
83	67
88	83
88	73
93	73
85	73
86	60
96	60
43	80
86	73
97	50
76	67
100	83
90	73
83	67
85	80
97	67
73	73
64	60
92	73
71	58
56	73
12	73
59	73
80	78
96	73
90	73
92	73
62	73
95	80
83	73
86	80
73	80
85	73
83	73
88	58
94	73
66	73
51	73
86	42
99	73
92	73
28	73
92	50
85	50
87	73
99	73
90	53
90	53
100	73
85	83
99	73
79	73
85	73
50	73
50	60
64	67
83	80
98	73
98	73
46	73
91	73
98	73
73	83
86	73
83	67
59	73
86	73
79	53
86	73
85	80
97	33
88	67
90	73
92	60
40	73
85	60
90	73
83	73
78	83
90	73
96	73
72	67
99	58
52	67
86	80
47	67
92	78
63	83
96	53
93	73
100	60
39	33
96	67
97	73
99	83
92	73
97	80
93	42
100	67
92	73
34	73
83	67
90	73
87	60
86	73
83	73
56	67
83	67
92	73
83	73
91	67
99	80
100	73
51	67
99	73
100	73
92	72
99	67
28	67
97	73
96	83
92	83
83	73
99	67
89	67
94	73
100	73
83	67
92	58
99	67
34	73
99	73
96	67
70	67
72	73
85	67
92	42
86	73
85	73
27	73
98	83
86	73
86	73
87	67
89	53
100	60
78	78
99	73
56	67
97	78
66	78
97	73
83	73
93	73
94	50
39	73
45	60
99	73
87	73
87	73
11	73
64	58
46	73
63	73
83	60
86	50
92	73
97	67
94	50
34	73
72	73
85	78
78	60
89	60
91	73
87	83
54	83
87	67
64	58
45	60
93	33
56	73
57	60
22	67
85	67
85	73
78	80
86	67
90	60
98	67
83	73
92	73
92	67
89	73
83	73
91	67
83	73
87	73
91	67
98	73
94	73
97	73
85	67
83	67
88	83
78	73
97	73
93	80
63	53
40	83
78	73
59	73
87	50
93	67
88	58
85	89
85	67
85	80
90	72
90	50
91	73
32	73
99	67
78	73
93	67
91	60
86	83
53	73
99	73
67	73
86	80
56	78
99	67
90	73
96	73
78	73
97	73
40	83
81	78
13	73
89	73
100	73
83	80
85	73
89	73
19	80
21	73
56	78
73	73
91	73
71	73
63	67
83	67
83	73
86	83
91	78
99	67
93	67
83	73
66	73
16	73
93	60
78	83
90	73
32	73
86	67
88	73
95	73
88	53
83	73
86	73
93	73
56	58
95	73
96	73
87	73
32	73
92	73
65	53
63	67
32	73
95	83
83	67
79	67
91	73
83	73
85	73
90	73
86	73
86	60
96	73
93	60
72	80
94	67
84	73
85	73
87	67
83	73
86	67
83	73
56	67
83	73
93	67
86	58
69	80
87	73
95	83
91	73
97	67
100	73
83	53
99	73
63	73
42	80
100	83
95	53
85	67
88	53
87	67
93	73
98	73
85	80
72	80
95	73
94	73
99	53
93	60
84	60
98	73
56	73
63	60
84	73
63	73
100	67
46	73
98	73
91	58
78	83
70	58
96	73
83	83
98	60
98	73
83	73
99	67
89	78
84	80
94	73
47	67
92	73
92	67
100	73
56	67
91	67
83	80
95	83
16	73
83	73
86	60
99	73
85	73
10	73
85	60
93	60
99	73
72	73
83	80
86	83
94	53
87	73
85	78
28	73
91	73
85	78
83	73
9	67
88	83
98	73
95	73
86	60
85	73
92	73
61	83
94	50
95	73
88	58
89	73
88	53
56	73
90	73
91	80
93	73
91	67
98	73
93	73
43	73
94	33
46	60
28	60
83	73
100	73
71	73
98	67
20	73
78	80
95	73
97	73
90	73
46	67
71	73
80	89
87	73
99	78
93	73
63	53
64	73
86	80
83	73
90	73
73	53
63	83
83	80
85	58
89	73
99	73
83	73
95	60
89	73
42	73
86	73
98	53
85	67
91	73
91	73
90	83
56	73
56	60
92	67
86	73
95	78
88	73
86	73
90	73
78	73
97	53
100	53
100	67
86	73
59	73
83	73
87	83
28	73
100	73
100	73
83	73
99	73
100	73
63	73
85	73
92	73
94	73
32	58
98	83
94	67
83	67
95	73
67	73
83	60
48	73
73	73
12	67
93	73
98	73
79	67
93	60
100	60
72	73
93	73
72	53
74	67
56	50
85	73
83	80
91	89
92	73
63	67
55	73
83	80
89	73
95	73
83	73
85	80
96	83
99	73
12	80
95	73
17	67
94	73
22	53
91	73
96	60
85	73
94	67
83	60
37	73
93	73
85	60
78	73
90	80
95	73
95	83
83	80
83	73
100	53
87	60
94	67
71	67
97	83
89	73
87	73
99	67
89	58
93	67
99	73
70	58
56	78
56	73
78	78
95	67
99	73
96	73
86	67
88	80
53	73
88	58
94	67
83	58
86	73
70	67
73	67
13	73
98	83
93	67
86	67
63	73
96	73
91	73
99	73
32	33
94	60
78	60
51	73
92	60
86	53
88	83
67	73
12	80
86	60
20	72
83	80
87	73
96	67
88	80
92	67
97	73
88	73
71	78
93	80
87	89
86	80
88	80
83	67
59	60
86	60
94	73
72	80
97	67
83	67
85	89
13	33
95	73
83	73
62	73
97	67
83	73
86	67
83	67
100	78
91	73
63	73
99	78
94	60
83	53
92	73
99	83
30	73
90	83
73	80
89	67
94	73
26	60
83	73
94	73
83	73
85	42
47	89
83	60
99	78
86	73
97	73
85	73
83	60
28	53
100	83
40	53
99	73
94	73
94	53
86	73
78	78
56	73
92	78
85	73
99	73
87	73
86	73
96	83
93	60
17	80
96	73
78	80
99	53
28	83
91	67
72	67
73	73
83	53
95	80
47	60
97	58
22	53
72	67
88	73
88	73
93	73
56	73
78	60
83	67
86	73
72	73
93	73
97	73
86	80
85	78
97	67
56	73
83	83
94	83
78	80
88	58
86	80
87	67
63	83
79	58
95	80
87	73
100	67
86	67
98	60
83	80
81	78
39	33
86	73
86	73
93	53
35	67
93	73
88	73
57	60
86	73
91	53
85	67
89	73
87	67
85	73
85	67
99	73
96	50
78	73
93	80
78	83
86	73
88	80
50	67
87	73
85	78
91	53
96	67
83	83
85	73
56	60
90	73
86	67
56	73
89	80
20	73
66	73
87	73
20	83
81	53
72	67
97	73
96	83
56	73
94	58
85	67
12	67
85	73
9	83
88	58
83	60
89	53
50	73
93	73
96	67
88	73
89	73
86	73
94	78
85	67
97	67
95	80
97	60
99	73
93	83
97	58
63	67
86	80
89	83
86	73
85	73
85	78
56	73
91	58
50	58
52	67
89	73
26	60
86	67
34	73
97	58
80	80
56	73
83	73
99	58
86	73
99	73
47	89
90	83
56	58
61	53
83	73
78	73
45	60
94	78
56	73
86	83
90	50
86	53
85	58
94	50
93	73
79	73
93	73
96	67
83	67
46	60
89	83
87	73
56	42
90	67
99	80
92	78
78	67
96	60
83	83
66	50
93	73
83	73
88	73
71	58
93	53
27	67
97	73
92	67
99	78
57	67
93	67
86	73
91	67
12	67
79	73
56	73
83	73
91	73
72	60
73	73
93	58
94	73
97	67
91	80
90	72
46	73
87	80
100	60
88	73
91	73
89	73
91	67
97	53
98	73
86	73
87	73
97	67
28	58
56	58
83	67
83	73
94	73
100	80
63	73
86	83
94	80
87	80
88	53
94	58
85	67
98	73
89	80
96	67
59	73
99	67
85	80
99	73
99	73
55	73
86	53
72	58
89	78
78	73
88	67
90	73
72	73
98	60
94	80
86	73
91	67
100	73
83	53
68	67
85	73
83	67
86	50
100	73
83	73
70	67
90	60
97	73
85	67
93	73
93	73
87	73
91	73
85	73
37	73
93	73
97	73
83	67
63	67
91	60
51	89
92	67
88	73
87	83
90	50
85	73
63	73
92	73
52	73
17	73
63	83
34	67
90	73
90	73
98	83
62	73
61	73
85	72
56	58
78	80
85	73
94	50
83	73
90	73
100	73
90	73
76	73
98	67
94	53
88	80
39	33
100	67
63	73
96	53
67	73
84	73
83	67
99	80
87	73
99	67
86	67
87	73
94	80
86	53
97	73
73	73
61	73
92	73
90	60
90	73
86	80
96	73
43	67
88	83
63	53
90	73
91	73
63	67
91	73
87	67
88	73
85	83
90	73
83	83
90	73
91	73
59	60
86	73
83	73
87	67
95	73
96	67
86	80
98	67
85	67
34	73
53	73
84	80
92	73
90	73
99	67
90	73
23	73
94	73
94	60
86	53
94	80
56	67
90	73
51	78
63	73
96	60
98	73
99	80
51	73
85	73
85	83
93	73
99	73
92	73
34	67
89	78
89	83
73	73
92	73
56	60
14	73
98	73
51	67
83	73
90	67
86	73
78	73
92	58
97	83
90	73
87	83
90	83
85	53
87	73
83	60
96	73
72	67
83	73
83	67
94	73
83	67
99	73
67	60
94	67
96	73
86	58
91	67
86	73
89	73
95	67
86	67
91	73
63	73
20	72
96	83
89	73
94	73
93	80
93	73
94	80
83	67
97	67
56	78
98	73
99	67
25	73
94	58
97	73
93	60
97	60
61	73
83	67
57	60
100	67
90	73
83	73
12	73
83	73
91	67
88	73
87	67
72	73
43	80
30	83
63	67
32	73
84	73
95	73
78	67
99	50
95	73
30	80
63	73
51	78
94	73
46	67
99	73
83	73
93	73
80	80
100	73
83	60
65	73
89	83
93	73
72	73
85	80
93	80
83	67
85	50
80	83
90	58
79	67
89	73
83	73
50	60
90	67
99	73
22	67
61	73
83	60
40	83
92	73
85	58
89	73
88	67
83	78
98	58
95	53
94	80
63	73
83	73
94	80
85	67
83	73
86	73
64	80
72	50
56	73
85	73
89	73
88	73
93	73
55	58
72	80
21	67
96	67
100	80
100	73
63	53
86	53
100	73
89	53
87	67
26	73
83	83
90	73
83	73
100	67
96	73
83	73
95	73
87	67
100	67
98	58
95	60
86	73
90	53
56	60
83	73
83	67
98	73
94	58
86	73
89	60
90	83
88	73
83	80
18	78
83	73
85	58
90	73
96	73
91	73
87	73
94	73
92	67
89	67
57	83
91	73
17	73
72	72
86	73
98	60
98	83
63	73
100	73
63	60
89	60
86	58
97	73
98	60
100	73
96	78
90	83
35	67
95	73
94	80
100	73
72	73
96	67
88	73
70	67
56	67
87	60
90	53
90	73
86	73
50	58
71	58
90	73
98	73
97	67
86	83
95	53
95	73
71	73
72	73
55	67
83	72
83	67
73	73
94	53
10	73
87	67
62	73
90	83
93	73
96	67
92	83
84	73
63	67
61	73
62	73
85	58
100	73
100	67
83	73
98	73
89	60
90	73
92	78
90	67
83	73
90	73
94	67
13	33
88	73
91	67
83	67
95	50
80	73
85	73
62	73
72	60
59	73
78	80
83	60
87	73
88	50
78	53
89	53
70	73
66	73
42	80
93	73
83	73
97	73
96	73
66	73
87	73
84	73
83	67
96	73
87	73
56	78
89	73
94	73
93	73
100	60
85	80
67	60
83	73
83	73
56	73
79	73
50	58
100	73
93	73
94	80
96	67
90	58
71	67
86	73
95	53
99	80
86	73
27	80
95	73
94	73
92	73
100	73
100	78
93	60
91	73
98	42
92	73
96	80
98	83
97	58
87	67
83	53
95	73
83	80
83	67
92	73
90	73
85	73
66	73
13	33
99	67
90	80
56	83
97	73
95	80
100	67
99	73
98	60
85	73
98	67
82	73
83	58
94	53
85	58
90	67
90	50
99	60
83	80
89	78
92	73
91	80
99	67
87	50
32	80
94	73
91	53
59	80
73	78
82	33
100	67
87	73
97	73
98	67
72	83
86	53
67	73
85	60
97	58
78	67
76	73
96	73
99	73
86	67
35	78
87	67
97	83
91	89
88	67
63	67
95	73
80	78
63	73
86	53
90	78
100	60
93	67
96	73
61	73
94	73
93	73
87	60
99	78
98	73
18	53
13	73
14	83
85	67
86	67
92	60
43	83
93	67
96	73
83	78
51	80
90	67
98	73
83	67
63	80
96	78
88	80
66	60
97	73
83	73
100	73
86	67
90	50
72	53
97	67
72	83
91	80
97	73
100	73
83	58
99	73
99	73
91	73
46	73
93	73
96	60
91	60
93	73
59	73
83	80
90	73
85	73
63	67
100	73
91	67
93	67
83	58
94	67
86	53
22	67
63	80
56	73
94	73
92	53
55	78
74	73
43	78
97	78
84	67
93	60
85	80
66	73
92	73
83	53
86	60
97	67
32	73
83	53
99	73
61	73
90	73
93	73
88	73
98	73
56	73
72	67
97	73
97	73
91	67
92	78
88	67
86	73
97	73
86	67
68	73
91	73
86	53
56	73
63	73
78	73
90	73
53	73
89	73
96	83
70	67
90	73
79	73
84	73
78	60
98	67
78	73
94	53
85	83
94	73
86	60
71	73
96	83
39	73
72	73
54	60
99	73
96	67
81	53
99	73
63	67
10	73
53	67
23	60
85	73
42	73
85	67
85	67
98	73
95	73
96	73
67	73
94	73
90	58
86	73
38	78
92	73
27	67
86	73
90	60
67	80
96	50
93	67
89	78
91	78
83	73
83	73
14	83
99	67
83	73
99	60
92	67
96	73
79	67
78	60
74	83
98	60
88	73
97	73
87	80
100	73
97	67
56	73
86	73
85	58
43	73
94	73
56	73
86	73
99	73
73	73
85	83
20	73
86	73
51	67
92	73
72	67
85	67
85	73
92	73
87	67
100	67
86	67
100	73
83	73
56	83
98	53
78	83
99	73
91	67
99	53
90	53
83	67
86	80
88	83
86	67
92	73
66	78
90	73
78	53
86	73
94	53
13	33
89	73
90	67
94	67
57	73
100	53
87	73
53	67
91	73
87	83
91	60
83	73
71	67
28	73
63	67
63	53
100	73
97	53
83	83
87	73
41	73
86	73
56	67
86	73
97	73
86	73
100	73
59	80
84	73
92	53
37	73
74	73
86	60
89	89
97	60
88	73
86	73
12	80
97	73
87	73
46	72
87	73
87	80
83	73
66	73
97	60
63	83
83	78
34	73
63	50
100	78
83	60
89	83
79	67
85	73
59	80
93	60
100	53
100	73
83	67
100	67
93	73
100	73
61	60
56	67
98	73
63	73
85	73
94	73
94	83
97	58
99	53
80	73
85	73
90	67
94	73
87	67
51	67
12	67
86	80
96	60
90	58
87	83
69	73
72	73
91	67
85	67
94	60
86	67
85	83
83	67
91	73
83	80
62	73
93	60
85	80
83	73
86	80
92	73
83	53
87	73
87	50
63	73
89	73
94	73
93	80
39	53
88	80
93	60
90	73
90	73
91	53
92	58
83	78
89	73
90	67
86	73
70	73
89	80
94	78
97	53
83	73
86	67
87	80
89	73
85	73
91	73
86	80
47	89
94	73
52	73
93	83
86	73
78	67
92	78
90	73
59	73
95	53
46	67
85	73
94	67
73	73
92	80
94	73
99	67
83	73
95	53
53	73
85	73
92	73
91	73
12	73
92	67
66	73
94	67
100	73
86	73
86	73
97	73
90	73
100	78
56	67
87	73
51	83
86	73
100	73
96	83
73	73
83	67
43	83
86	83
94	50
57	73
97	73
90	73
78	73
72	73
86	80
86	78
56	73
92	73
90	67
85	53
96	73
80	73
96	73
78	73
88	73
83	67
90	73
90	73
81	78
56	78
85	73
71	73
87	80
91	73
92	73
83	73
90	58
72	67
98	73
86	73
93	67
87	67
98	67
96	73
90	73
97	67
90	67
100	73
85	73
96	73
63	73
72	83
94	73
100	73
85	67
99	73
28	73
71	67
86	73
92	73
86	67
97	83
62	73
56	78
91	73
97	73
97	73
90	83
94	73
88	73
91	73
94	80
88	67
70	78
51	67
71	58
19	80
88	58
83	73
83	83
63	73
72	53
91	73
92	67
91	80
85	67
92	53
93	67
91	67
86	80
77	67
30	73
88	73
90	73
96	73
89	53
96	53
85	67
96	67
94	50
26	60
67	73
55	73
83	58
94	60
91	73
78	73
56	83
86	73
83	60
86	73
99	78
83	67
63	73
91	80
86	67
92	73
65	53
92	80
78	58
93	60
83	73
36	73
95	73
87	80
83	73
85	73
94	73
100	73
95	42
85	78
72	80
100	67
94	67
93	73
91	73
95	73
76	67
95	83
98	73
56	73
94	73
30	80
21	67
17	67
93	73
56	73
99	60
83	67
91	67
85	73
92	73
56	73
57	73
83	60
88	80
89	80
92	73
83	73
85	83
87	67
83	73
89	80
42	73
70	73
26	60
94	73
94	78
63	67
91	73
83	73
86	73
86	73
93	73
93	60
100	73
85	67
64	73
94	73
88	73
99	73
93	53
63	73
93	67
99	80
87	83
100	67
100	67
56	73
83	73
93	73
100	73
88	73
86	53
23	60
93	73
98	73
99	73
87	73
94	67
86	73
96	73
86	67
86	53
66	78
83	67
93	67
94	73
100	67
92	53
88	67
56	50
93	80
97	83
97	73
95	80
83	73
86	73
88	73
83	67
86	67
83	53
78	60
88	73
86	80
93	67
80	83
88	78
86	53
83	58
89	60
98	78
94	60
90	83
83	73
85	67
79	73
90	73
90	78
57	60
87	73
99	73
90	67
67	73
74	58
85	80
63	67
56	73
97	58
92	73
96	50
23	73
94	67
71	67
51	89
83	73
51	83
86	60
92	80
83	73
90	67
72	73
99	73
92	67
99	73
90	83
93	73
90	53
90	50
92	73
83	58
95	67
78	73
98	67
83	67
99	67
72	58
75	73
99	60
85	73
86	53
38	73
87	73
85	80
85	80
92	73
16	58
71	67
93	60
100	73
89	73
91	80
86	73
32	33
89	73
89	73
78	67
95	67
89	73
86	73
72	53
91	80
88	50
97	73
86	42
91	73
72	67
94	50
94	73
98	80
72	80
88	73
32	58
71	67
66	60
92	83
83	80
16	67
91	73
90	60
85	80
84	60
89	73
64	58
53	73
87	50
64	58
83	50
85	73
100	83
99	60
86	73
89	67
93	80
63	60
47	73
94	73
87	58
86	50
63	73
89	78
86	73
94	73
99	67
83	73
85	58
91	67
8	60
87	73
95	53
83	58
89	78
67	73
83	67
56	83
85	78
55	58
96	73
66	60
91	67
92	73
78	73
86	50
92	73
91	53
83	73
92	78
98	67
93	67
71	73
97	73
87	73
83	67
97	83
91	73
94	67
91	73
83	73
86	67
95	53
85	60
85	67
85	80
95	73
90	73
87	73
85	67
83	67
97	73
93	60
88	58
63	58
92	58
52	73
89	89
39	53
88	73
93	60
61	67
88	67
56	73
98	73
85	73
87	80
83	73
90	60
98	53
78	73
84	73
97	73
84	80
91	83
92	67
51	73
89	80
90	67
86	80
98	73
60	73
90	83
79	73
91	73
92	73
73	73
56	73
56	78
83	73
90	73
83	67
89	80
72	73
83	73
26	67
86	73
46	73
43	73
57	73
30	67
85	73
96	53
63	73
95	73
85	73
99	60
92	83
56	83
78	73
60	73
98	73
73	73
67	73
98	73
89	67
86	58
83	73
87	83
22	53
85	80
72	73
83	67
83	60
87	73
87	67
64	83
54	80
85	60
98	67
87	80
90	73
86	73
95	42
98	73
56	73
43	67
88	73
56	73
100	67
83	53
94	73
91	73
96	67
83	83
28	67
83	67
97	60
28	73
86	53
53	67
83	73
92	67
93	53
89	60
55	58
86	80
90	80
92	73
92	73
94	83
63	73
90	72
78	80
72	67
99	53
83	67
12	80
89	80
57	83
87	73
56	83
92	73
83	73
83	53
23	60
99	73
72	72
96	73
52	73
83	67
34	73
93	73
71	73
78	60
83	73
99	67
72	53
97	58
63	78
91	73
90	58
78	67
96	67
85	73
85	83
83	73
98	73
83	67
86	80
89	73
85	67
88	67
70	67
85	67
86	73
98	67
91	67
94	73
88	73
95	42
88	50
83	73
83	58
56	73
88	50
93	60
83	60
90	73
85	73
86	53
98	53
89	73
85	67
85	53
23	73
99	73
87	73
99	73
98	80
100	73
96	53
35	78
67	58
73	80
78	67
86	53
85	58
90	83
97	73
99	73
89	73
86	73
83	73
95	53
63	73
93	73
92	53
85	53
100	67
83	80
97	80
86	73
63	73
89	73
69	73
83	73
93	58
97	73
97	73
85	73
30	83
100	73
78	73
83	83
98	73
28	73
96	53
46	67
83	73
94	83
99	67
85	60
86	53
83	67
100	73
91	73
95	53
74	58
93	60
93	73
67	67
86	53
90	53
63	50
92	67
70	67
85	67
80	89
89	89
100	73
100	53
83	80
95	73
89	60
62	73
14	83
99	73
83	73
83	73
88	80
97	60
72	73
83	73
83	73
67	73
92	60
70	73
87	73
63	73
94	73
90	73
56	67
93	67
83	73
78	58
89	73
72	73
92	73
62	73
69	73
57	73
100	73
56	73
59	73
96	53
90	67
89	78
56	42
46	73
16	67
88	53
93	80
71	73
72	73
79	73
94	78
86	67
83	73
83	80
55	80
90	60
85	73
94	78
56	73
88	80
61	53
95	80
85	73
51	67
100	80
78	73
94	73
90	73
91	67
98	73
85	73
70	58
89	73
99	78
97	58
73	83
90	73
95	83
87	67
78	80
98	67
93	53
56	73
98	78
94	60
94	53
48	67
92	67
78	73
72	53
87	83
98	73
83	80
56	67
83	73
93	73
95	53
55	73
87	67
89	78
94	73
50	58
86	67
91	83
83	58
86	53
95	83
96	73
90	67
63	83
86	42
98	73
95	67
88	73
71	73
97	67
72	80
87	83
97	73
88	73
83	53
18	53
87	53
99	73
18	78
97	67
96	73
89	73
85	73
94	73
86	73
40	67
85	53
78	73
57	53
94	73
72	80
88	67
98	73
86	80
97	67
90	73
85	83
86	73
43	73
78	78
94	67
89	67
92	73
86	73
83	73
86	67
89	67
56	67
85	73
89	78
93	80
63	73
51	67
78	60
83	67
83	73
51	73
96	73
95	53
9	67
94	73
85	73
98	53
96	73
97	67
96	67
90	73
72	80
31	78
83	73
57	67
85	58
97	73
96	73
91	53
99	73
72	83
91	67
79	67
94	83
86	73
90	60
95	60
85	78
79	67
89	58
86	73
71	73
83	73
99	53
85	67
56	73
86	60
86	60
86	73
83	73
83	73
99	78
78	80
88	73
95	60
62	53
39	67
99	73
61	73
56	58
96	73
83	50
99	73
100	73
92	60
17	73
83	80
56	67
98	73
85	73
90	73
96	78
95	53
90	67
87	80
66	80
63	73
97	73
83	53
73	73
51	73
21	72
96	60
100	73
90	73
86	73
89	73
78	73
100	80
72	73
89	67
93	78
56	73
46	60
83	73
86	73
93	73
90	60
46	67
16	67
56	73
83	73
94	50
97	73
72	53
87	73
83	73
95	73
85	73
72	53
85	83
93	73
63	67
83	80
94	67
83	73
99	60
100	67
83	60
91	73
51	73
98	53
83	67
98	73
86	80
86	73
94	73
43	78
96	53
88	73
97	67
67	73
98	73
83	58
88	73
94	58
71	80
53	73
91	60
87	67
97	60
99	73
83	60
99	83
36	73
90	83
32	58
66	83
98	67
99	73
99	73
88	73
87	67
85	53
78	73
83	83
61	73
86	73
91	73
42	73
86	73
71	73
100	73
96	80
63	83
78	58
83	60
70	73
92	73
98	60
32	60
86	33
83	67
92	73
56	73
79	67
93	67
98	73
99	78
94	53
89	53
83	67
89	67
95	60
90	73
78	73
57	67
63	58
95	73
85	67
98	60
86	78
71	83
94	67
43	78
72	73
72	78
92	73
23	73
86	73
87	73
99	53
83	67
83	73
87	80
56	73
85	83
83	80
63	73
83	60
100	67
86	73
93	73
46	60
86	73
56	67
28	60
92	73
86	73
57	60
72	73
70	73
88	73
78	73
67	73
66	83
86	80
93	73
78	73
92	67
98	80
83	67
99	73
90	60
94	89
50	73
83	73
97	50
89	60
85	80
87	60
83	73
94	80
83	73
85	67
86	73
83	80
39	53
93	73
87	80
96	73
64	73
98	73
97	67
73	73
83	80
86	50
98	80
79	89
83	73
93	73
83	53
92	73
91	73
86	73
97	83
90	60
94	80
72	73
92	73
86	42
71	73
93	67
92	73
93	60
88	73
56	83
87	67
90	73
91	73
87	73
83	80
56	67
99	53
92	53
63	73
67	60
17	73
78	67
99	53
89	58
83	80
95	80
90	73
93	60
85	67
89	73
83	73
89	73
100	78
43	83
93	60
17	73
92	80
79	67
71	73
93	58
89	73
93	73
94	53
95	67
63	67
98	80
96	50
85	78
83	83
90	53
56	73
46	67
83	67
91	78
72	73
95	73
94	73
34	73
88	80
69	80
89	73
83	83
93	73
94	67
93	67
69	80
92	67
21	67
93	67
56	60
37	73
79	67
98	60
90	60
93	67
93	73
100	80
91	73
30	67
98	73
89	53
83	67
92	73
92	73
99	80
89	73
92	73
96	73
83	73
89	73
78	73
83	73
90	83
98	73
51	83
78	67
92	67
90	83
91	73
34	73
95	73
89	83
27	67
98	83
99	80
88	50
90	58
71	67
83	58
89	73
17	67
99	73
89	73
92	73
92	42
63	73
89	73
63	73
90	80
100	73
64	73
86	67
20	73
85	67
19	80
23	73
83	73
85	78
85	73
90	83
94	67
78	78
98	73
90	83
89	53
92	67
78	78
72	73
89	58
90	73
84	83
85	83
93	78
100	73
78	80
83	73
87	73
78	73
99	73
98	73
51	73
17	73
95	73
92	73
98	73
95	67
94	78
88	73
97	67
78	83
91	73
85	67
86	73
83	73
63	73
95	73
92	73
98	73
73	78
95	73
72	67
83	58
98	60
91	53
60	58
98	73
87	60
100	83
86	73
85	67
92	73
86	73
71	67
87	73
86	67
78	53
85	78
83	60
95	50
92	83
25	73
87	83
90	83
94	67
11	73
63	89
89	60
91	89
62	73
86	80
92	67
78	73
96	67
86	33
93	67
83	73
71	83
94	67
87	73
83	58
99	60
97	78
17	73
91	73
90	60
93	73
73	73
91	73
76	73
73	83
83	73
71	60
91	67
94	67
78	78
97	73
61	53
87	67
90	73
56	83
83	73
56	73
91	73
97	67
91	73
90	67
89	78
67	67
97	67
91	73
87	73
83	67
95	67
89	80
88	73
72	73
97	33
92	73
97	58
93	73
84	60
65	73
72	73
65	53
90	80
93	67
91	67
56	67
83	67
97	73
85	67
92	73
61	53
100	73
100	73
65	53
83	67
12	80
93	73
83	73
86	73
95	73
63	83
91	73
94	73
90	73
56	73
67	78
95	67
98	73
80	60
96	73
86	67
83	60
85	78
64	58
88	73
90	58
96	73
63	67
63	73
40	53
98	83
86	73
93	73
72	83
95	67
88	80
85	73
92	73
87	73
92	73
85	73
90	60
90	67
89	78
83	73
85	73
90	73
56	73
91	89
81	78
56	83
83	67
96	73
90	60
91	67
92	73
87	73
93	58
100	73
89	73
94	73
89	80
95	67
97	73
88	73
97	58
86	67
90	67
51	78
94	73
83	53
86	73
98	73
73	73
86	73
71	67
86	73
86	67
88	80
56	73
85	80
86	73
83	78
88	60
96	80
85	67
100	73
97	67
86	60
51	67
85	67
93	78
88	73
69	73
99	73
56	73
94	73
83	73
89	80
87	67
80	42
95	73
94	83
91	67
89	73
97	53
89	73
92	83
14	73
83	60
97	78
86	73
84	67
86	73
99	73
73	73
67	60
95	73
86	73
89	73
96	60
86	73
78	83
98	73
94	60
43	67
84	73
93	73
86	53
98	60
32	73
96	33
96	67
90	67
90	73
56	72
67	73
99	53
63	73
88	73
72	73
94	58
85	67
85	67
90	83
80	89
83	73
92	73
56	67
87	60
97	67
97	67
91	53
23	73
95	80
46	58
63	80
56	73
35	78
12	73
72	60
92	73
97	73
96	83
94	73
56	83
86	73
85	73
93	73
92	67
56	60
88	58
86	67
89	60
98	60
96	73
93	67
100	73
32	58
73	67
82	67
88	67
96	60
94	73
93	73
85	73
98	60
90	60
99	60
92	78
87	73
91	73
71	67
66	73
67	73
85	67
85	73
85	73
56	73
96	67
92	73
69	80
83	60
98	73
79	73
13	73
98	67
86	73
100	67
93	73
100	60
38	78
34	67
99	73
99	83
95	67
92	73
86	73
92	78
56	67
92	73
83	60
92	73
85	80
99	73
91	73
99	73
85	67
71	73
91	73
83	83
99	78
89	67
86	73
87	73
83	67
90	53
97	73
48	73
93	58
85	73
85	60
83	53
90	73
86	42
99	73
28	67
92	73
91	73
95	42
90	73
66	60
92	67
93	78
95	73
86	83
96	58
99	73
88	67
78	67
72	73
94	83
32	33
66	73
83	60
28	53
73	73
86	53
99	73
83	72
94	73
100	80
88	73
28	58
83	73
96	73
83	53
86	83
55	67
72	73
12	73
83	67
97	67
89	80
86	73
90	67
90	73
87	73
95	67
84	73
85	67
97	67
89	67
28	60
93	73
90	67
14	60
99	53
98	73
90	73
96	78
86	73
92	73
85	73
43	83
85	67
100	67
68	67
43	80
98	73
27	67
91	67
71	73
87	67
85	67
91	73
94	73
63	67
95	73
97	73
78	73
80	78
85	73
25	73
94	53
88	73
96	67
93	73
86	78
92	73
94	67
66	83
91	73
88	58
98	73
73	73
93	58
83	67
85	73
85	73
87	67
88	80
91	80
56	60
79	73
84	73
89	80
94	73
88	73
86	58
89	80
71	73
86	73
87	73
71	73
98	67
93	60
86	67
86	73
86	73
83	73
57	67
95	60
87	60
92	73
72	73
57	73
72	73
99	73
93	73
98	53
91	60
97	73
99	73
78	73
83	60
83	73
94	80
88	50
90	67
34	73
73	73
72	72
96	67
72	42
97	60
83	67
93	80
43	73
87	73
83	73
78	60
12	80
95	73
26	73
90	73
83	73
94	50
63	73
96	73
89	78
62	33
55	73
71	73
100	60
86	73
85	83
23	73
97	53
86	73
72	73
57	60
98	83
94	60
83	58
99	73
83	73
19	80
13	73
34	73
86	67
39	53
92	73
91	73
63	58
96	73
98	73
92	73
94	73
73	83
98	73
86	83
86	58
91	73
42	73
71	58
83	73
86	73
93	53
83	73
83	50
93	73
61	73
85	83
85	60
92	73
71	60
56	73
98	73
93	67
85	67
78	78
92	73
87	80
63	67
90	73
92	67
92	73
83	60
95	73
86	73
86	67
90	83
83	73
67	78
94	60
94	67
86	42
83	67
70	67
86	73
71	80
89	73
89	53
34	73
96	73
78	67
96	73
83	73
96	73
83	67
83	78
87	60
91	73
93	73
73	67
56	73
83	80
88	33
30	67
86	73
98	60
88	53
83	67
55	58
91	53
61	73
90	83
92	73
100	73
86	60
94	72
78	80
95	58
92	67
55	73
56	73
90	73
83	73
63	67
92	67
14	60
83	53
85	73
86	73
99	78
93	73
95	60
83	53
34	73
84	73
84	73
87	73
85	73
83	83
78	73
96	78
98	60
78	67
69	73
72	80
98	73
93	33
56	73
92	73
83	72
99	73
93	67
89	73
78	67
71	78
89	80
72	83
92	67
94	53
34	80
78	60
46	80
100	58
97	83
99	73
96	73
88	73
69	73
85	67
86	58
17	67
56	67
67	80
91	73
83	72
90	50
88	67
80	89
87	73
93	73
93	73
83	73
56	73
97	73
91	67
89	73
86	73
90	80
99	67
94	73
88	73
57	67
92	67
56	80
99	80
91	73
83	73
16	58
86	73
99	73
96	67
44	67
95	80
100	73
89	73
85	60
83	53
88	73
91	78
72	73
85	53
63	73
78	60
94	73
92	73
88	67
99	73
85	73
100	73
30	67
83	80
56	73
85	67
72	67
59	73
96	73
98	73
87	73
87	50
79	73
88	33
71	67
18	78
99	73
84	73
89	60
94	73
27	73
90	83
86	73
71	73
85	73
94	80
63	73
99	73
56	83
83	60
72	73
83	73
83	73
99	67
62	33
97	78
22	67
56	67
91	67
87	73
93	60
89	83
89	73
87	73
87	83
89	60
92	73
73	67
87	60
66	73
88	67
67	80
95	73
92	73
94	80
83	73
100	58
89	67
99	73
98	60
72	83
78	73
100	73
87	73
97	73
87	83
99	73
81	53
23	60
83	73
66	33
70	78
90	53
66	73
94	78
87	67
91	73
85	78
92	83
21	73
63	73
72	73
88	50
99	80
83	73
86	73
12	80
46	67
87	73
83	73
96	67
48	80
98	73
71	73
86	73
93	80
98	73
98	60
88	73
92	73
84	73
89	73
83	73
73	73
100	60
100	53
86	53
88	73
86	58
70	67
66	73
94	73
99	73
86	73
55	73
53	67
98	58
86	73
95	80
90	58
67	60
89	80
85	73
50	58
92	73
86	73
79	67
86	73
83	80
72	72
86	73
99	58
66	73
82	67
71	67
91	53
95	67
94	67
98	73
66	73
92	73
83	67
86	53
85	33
89	73
30	73
91	73
85	73
86	67
56	60
97	67
97	60
85	73
83	73
93	58
51	89
56	73
85	73
72	83
46	67
72	67
61	53
87	83
86	73
83	73
91	60
34	73
94	73
90	67
97	73
91	67
87	80
43	67
85	67
99	80
66	80
88	73
78	53
83	67
86	33
100	73
83	73
99	73
83	53
43	78
64	60
94	73
85	83
63	67
32	73
67	58
83	50
99	73
95	73
86	50
83	80
90	60
94	60
88	73
93	67
97	73
85	67
63	73
89	67
96	73
32	60
85	67
78	58
83	80
98	53
74	58
63	67
99	78
98	73
93	73
91	73
86	73
89	53
85	67
55	67
62	73
99	73
89	60
83	67
95	80
99	73
86	60
30	73
97	73
91	53
100	73
72	58
56	73
72	78
83	80
56	67
63	73
64	73
99	67
56	78
86	73
93	67
56	83
86	73
12	67
93	60
12	73
100	73
99	78
97	73
87	67
56	60
89	73
90	67
98	73
46	73
20	72
85	80
86	42
87	73
72	80
94	80
86	67
88	73
59	73
60	83
90	73
91	73
92	73
82	67
40	83
91	73
89	73
78	83
96	67
85	73
100	58
88	73
72	73
90	80
95	73
77	67
61	73
90	73
85	73
83	67
86	73
92	73
96	73
92	80
94	67
85	67
78	83
51	67
91	53
86	73
62	73
87	73
83	73
83	73
72	73
83	53
89	73
72	73
89	73
95	67
72	73
97	73
72	67
91	67
71	80
100	73
93	73
93	53
92	73
88	67
56	73
99	78
99	73
88	73
98	83
92	73
93	78
90	80
9	67
86	42
83	73
63	73
98	73
56	83
78	73
98	73
63	83
97	73
98	73
93	73
56	60
92	73
67	73
79	73
46	73
96	53
91	53
95	73
71	73
93	73
83	60
92	73
97	73
38	78
87	73
45	67
87	50
83	73
94	53
93	67
30	73
20	73
53	67
83	73
70	73
91	83
60	73
32	73
93	73
92	73
95	73
87	83
72	58
83	80
97	73
87	60
57	73
85	89
83	83
12	80
99	73
85	60
60	58
90	73
90	73
93	73
66	60
93	67
83	73
87	73
62	53
87	67
85	83
90	53
83	73
95	67
100	53
97	67
99	73
30	73
90	73
34	73
99	73
94	73
87	89
100	67
88	73
56	60
87	80
63	80
83	73
83	73
96	73
93	73
91	73
97	73
85	83
100	73
93	73
56	73
99	73
74	73
62	78
56	42
86	73
94	73
98	73
64	58
73	53
95	73
88	73
57	73
21	73
95	53
21	67
83	67
56	60
72	78
83	80
99	60
89	73
87	58
86	73
94	73
17	67
84	80
95	67
86	53
92	73
51	53
56	78
84	73
56	58
95	73
22	53
72	73
92	73
72	72
94	73
97	83
32	33
64	67
100	73
73	80
92	67
94	83
98	83
57	73
91	73
86	58
97	58
67	73
86	80
91	73
92	73
95	73
82	67
93	78
97	73
83	73
56	73
90	67
72	73
60	73
21	73
12	73
87	80
95	78
100	78
90	73
93	60
99	73
85	73
55	73
89	80
90	53
90	50
86	73
88	83
83	73
47	73
95	73
94	73
85	73
96	73
92	73
72	73
83	83
56	78
46	80
87	73
72	73
92	89
92	67
95	67
50	67
17	67
27	73
93	67
56	67
47	60
87	73
96	60
93	83
94	67
90	73
98	80
67	73
95	67
85	73
63	60
91	73
94	67
21	73
84	67
85	73
98	73
83	80
86	73
100	80
86	73
99	83
93	58
71	73
100	73
62	73
87	73
56	83
45	60
83	73
91	73
85	73
94	67
87	53
86	80
92	73
97	53
100	73
70	73
28	83
93	73
94	67
85	73
92	42
83	60
60	73
83	73
97	73
61	73
86	78
95	73
86	67
90	73
100	73
96	73
21	73
89	67
96	73
46	58
61	67
89	60
30	73
63	67
92	73
83	73
83	50
83	67
91	67
87	73
72	73
32	73
39	53
97	80
86	73
100	60
47	67
86	73
94	73
94	67
90	53
92	83
92	67
96	50
56	42
62	73
12	60
98	73
85	83
87	80
90	72
84	53
99	60
97	73
94	73
94	78
89	60
94	78
88	80
78	83
67	73
95	73
83	80
32	73
90	73
90	50
97	53
56	60
28	73
88	78
90	53
86	73
78	80
83	67
71	73
86	67
83	53
70	58
28	73
92	73
87	80
70	73
89	53
84	73
71	67
97	83
94	83
96	73
72	73
85	67
83	58
87	73
56	78
79	67
78	67
61	73
91	78
95	73
98	60
90	73
86	73
92	67
92	58
83	67
98	73
31	78
87	73
40	73
67	67
92	73
69	73
86	42
68	73
99	78
96	83
87	73
95	73
39	67
89	73
99	67
98	60
72	73
51	73
97	58
64	73
80	73
98	67
96	80
90	73
91	60
90	60
97	73
87	73
85	73
92	73
93	67
86	73
83	73
72	50
83	73
86	73
83	67
28	73
89	67
98	80
92	73
85	67
85	78
86	73
72	80
87	73
95	73
46	60
85	67
81	73
73	73
10	73
98	67
83	73
88	53
87	67
83	67
34	73
88	73
90	73
99	73
94	67
85	58
92	83
83	60
83	67
95	73
83	78
92	67
95	53
85	78
91	67
91	67
67	73
56	78
86	73
88	73
89	73
86	73
92	42
100	80
47	73
51	80
87	67
94	83
97	67
17	67
92	73
97	73
72	78
98	58
86	80
63	73
13	73
95	73
87	67
83	73
92	73
98	73
95	80
63	80
85	73
96	53
86	80
95	73
100	73
83	73
93	58
83	67
18	58
97	67
99	73
32	73
56	73
91	67
85	60
32	80
90	73
85	73
56	53
99	80
37	73
97	67
86	73
87	73
99	73
90	73
92	73
85	67
78	73
86	73
87	73
90	73
80	80
93	83
83	78
100	73
80	42
98	83
64	83
92	73
86	80
97	60
85	73
83	73
56	78
67	80
59	73
90	73
98	73
90	73
98	73
97	73
100	73
92	83
93	73
85	73
72	73
86	73
71	58
90	58
93	80
92	89
56	73
85	73
86	42
97	83
86	67
87	80
94	80
89	67
92	78
20	73
88	73
71	58
78	60
78	67
63	73
56	60
73	73
97	83
65	73
72	80
56	73
85	73
85	67
97	73
56	73
91	73
85	80
83	73
78	73
72	42
83	73
95	67
91	78
73	80
64	80
83	73
17	67
91	58
86	53
51	80
91	73
72	73
70	78
87	73
86	80
88	83
83	73
85	67
83	67
86	67
99	60
12	73
67	60
59	73
72	83
65	53
88	60
85	73
83	73
98	60
91	73
96	73
79	73
94	58
85	78
98	60
93	73
86	58
88	73
99	67
95	67
89	80
63	67
92	73
66	53
89	67
93	58
94	33
95	73
95	73
46	58
96	83
94	73
63	73
46	73
83	58
79	73
61	83
74	73
92	73
99	67
86	80
63	73
90	83
63	67
93	67
57	60
85	78
60	58
92	53
72	73
93	73
91	67
78	78
94	73
86	67
86	67
97	73
57	73
56	73
72	73
99	80
46	73
63	67
91	67
93	67
100	58
93	80
26	67
89	73
83	72
83	73
92	73
93	73
85	67
59	60
70	58
98	73
100	73
63	73
99	73
95	67
48	73
96	67
71	83
83	73
78	53
56	73
97	67
94	78
83	73
98	67
83	73
90	60
90	73
95	73
86	73
78	83
97	73
92	73
98	60
83	73
90	73
100	83
92	73
83	73
95	53
90	73
88	73
99	53
99	60
53	73
55	73
63	73
69	73
89	60
90	73
96	80
90	73
55	58
93	73
31	78
95	73
97	58
90	67
84	73
96	67
98	73
82	73
88	80
86	73
86	50
83	67
88	73
85	67
85	67
28	67
87	73
85	89
83	73
90	67
86	73
72	67
97	73
46	67
96	73
71	73
87	80
76	67
96	58
85	73
90	60
75	80
95	42
96	73
91	80
93	73
97	73
92	73
79	58
98	73
21	73
27	73
88	73
37	73
99	73
50	73
89	58
64	60
92	73
51	67
28	73
86	73
86	58
72	50
91	67
99	73
91	67
92	73
91	80
27	73
85	53
71	80
96	78
87	58
99	73
93	73
72	60
63	67
61	73
90	67
90	73
84	73
97	73
87	73
89	73
35	67
94	73
78	78
72	73
91	67
99	80
90	73
85	73
99	73
91	73
87	73
66	73
95	73
83	73
61	73
83	73
94	50
90	73
90	67
63	89
88	73
64	73
78	58
98	73
93	67
83	73
88	67
50	73
93	58
78	73
63	73
73	73
83	73
89	83
85	60
100	67
83	73
92	73
78	73
85	73
72	60
91	53
100	83
100	73
98	73
83	53
63	50
39	73
97	73
93	60
93	67
78	80
98	73
86	67
96	73
72	83
86	73
97	67
27	73
86	53
89	73
85	73
87	73
83	73
73	73
78	73
98	73
83	58
56	53
90	60
83	73
89	73
83	53
79	73
35	78
97	67
90	73
100	73
91	73
90	73
90	83
98	73
92	73
43	83
85	53
92	73
100	53
94	58
83	73
97	73
85	73
90	73
83	73
100	73
74	58
85	80
63	73
97	73
90	83
64	80
87	73
87	67
90	73
96	60
98	53
92	67
92	73
83	73
75	73
93	67
91	80
100	53
66	73
85	73
100	73
50	60
90	67
92	58
88	67
91	58
94	67
13	73
86	80
88	73
92	73
51	73
91	80
72	73
86	73
91	67
85	67
69	73
99	78
98	73
99	83
97	67
85	89
85	73
78	53
56	67
96	67
85	73
56	73
59	73
46	72
95	73
39	73
96	67
98	53
64	73
85	53
61	53
96	73
52	67
85	50
89	73
93	67
94	67
51	53
42	73
83	60
98	53
79	73
21	73
89	73
86	80
83	83
13	73
86	67
100	73
92	60
91	73
63	73
100	53
97	73
46	73
86	73
83	80
68	73
85	73
85	73
94	83
99	73
90	73
53	73
63	67
85	58
97	73
97	73
99	73
88	83
100	60
100	73
93	73
87	73
100	73
18	53
70	67
56	67
90	73
83	80
89	73
100	67
21	67
89	73
94	80
72	73
89	73
41	73
87	73
71	73
100	67
97	73
85	73
38	73
83	67
98	83
99	58
94	73
53	73
90	73
83	78
93	73
97	67
89	73
85	73
95	73
92	73
83	80
89	78
92	67
92	73
91	73
83	73
72	50
56	53
46	67
87	67
100	73
99	80
16	73
72	78
43	78
98	73
91	73
83	80
59	73
65	53
80	83
85	73
91	53
30	67
66	73
46	60
83	67
63	73
72	73
99	73
98	73
79	73
100	78
86	73
63	67
97	73
98	80
87	73
70	73
62	73
85	73
97	67
85	73
93	80
86	73
96	50
95	73
88	73
83	58
98	73
85	73
99	73
88	73
95	60
99	73
86	53
97	83
83	53
98	73
83	67
62	53
91	73
60	73
97	73
88	80
99	67
93	73
98	58
71	78
91	73
40	73
87	83
85	73
12	73
92	73
93	73
71	73
96	73
99	73
85	58
99	73
85	73
95	73
54	73
85	73
83	67
92	83
90	73
85	73
96	73
86	73
83	73
92	60
9	83
92	73
94	50
95	67
83	73
56	58
72	73
90	53
89	78
93	60
60	58
96	73
87	73
43	73
12	80
94	80
56	73
83	67
89	73
96	73
99	73
53	67
98	73
83	67
43	73
83	73
79	67
54	80
90	73
73	73
91	73
83	80
89	83
98	80
93	67
90	73
85	80
86	53
100	73
97	73
72	67
72	80
78	73
56	72
92	73
71	83
99	60
99	73
12	67
93	53
85	67
86	73
72	67
85	73
86	78
97	73
67	58
90	53
98	73
93	60
92	73
85	73
86	73
97	67
63	83
86	73
83	67
67	73
95	67
80	80
91	73
90	73
87	67
63	80
73	83
87	67
72	73
96	83
85	67
86	73
14	83
86	73
66	83
63	67
85	83
62	53
92	73
99	80
92	73
83	50
73	67
98	80
94	73
64	83
85	73
85	67
93	60
12	80
56	83
41	73
96	73
56	73
60	83
89	53
80	80
93	80
83	73
96	67
66	73
85	73
90	83
95	53
56	67
85	73
98	73
74	73
82	73
86	67
85	60
74	73
59	78
98	60
88	53
92	73
73	73
89	60
87	73
85	73
94	78
84	67
85	67
95	73
46	73
78	80
88	67
92	83
72	80
95	53
86	60
71	58
71	73
87	67
87	83
76	67
98	60
89	83
66	73
88	67
83	73
90	83
93	89
13	73
85	73
99	73
94	67
89	78
85	67
91	53
63	80
99	73
98	73
93	67
83	80
87	73
85	67
86	73
85	73
94	73
100	58
71	73
62	67
91	73
93	73
94	58
82	73
88	73
95	73
16	58
91	60
93	58
84	73
83	83
95	73
57	73
91	67
95	73
46	73
83	73
61	73
93	73
86	73
72	83
98	73
90	73
83	60
86	67
93	60
86	73
86	73
28	60
90	73
83	73
100	80
97	73
87	72
85	73
92	67
93	73
85	83
92	67
85	73
86	60
91	73
83	60
95	73
21	73
96	80
85	67
91	73
92	60
27	67
