70	73
83	67
88	73
92	73
66	73
88	73
99	83
71	60
89	73
90	53
97	67
66	73
98	53
94	58
91	73
94	73
60	80
90	67
89	58
56	60
98	60
85	53
72	67
98	73
72	67
88	33
96	78
78	67
83	73
28	73
89	80
88	73
90	73
78	73
63	80
52	73
83	42
93	83
96	53
54	67
89	58
72	67
93	83
91	78
83	73
71	73
88	73
53	73
85	78
83	60
93	72
64	58
99	80
60	53
85	53
72	73
98	73
98	42
14	73
66	67
78	67
56	50
100	73
91	73
78	67
61	73
87	60
97	58
93	67
85	73
72	67
56	83
91	80
16	73
56	58
89	73
96	73
97	73
96	53
100	73
98	83
67	67
72	78
100	67
86	60
72	53
74	73
27	73
100	60
86	67
72	78
78	53
92	67
90	73
85	67
91	83
57	67
83	80
72	73
83	73
78	67
99	80
94	67
93	83
99	78
77	73
89	67
83	53
83	60
90	73
96	73
99	83
65	73
83	80
30	73
100	80
78	73
46	73
99	73
86	78
97	73
63	73
91	73
88	67
83	73
88	53
86	80
89	80
90	58
83	42
24	80
96	73
53	60
86	80
92	73
83	73
92	60
92	67
72	67
83	73
78	73
39	73
90	73
79	73
72	78
94	73
80	58
99	73
98	73
83	80
89	60
79	67
72	80
71	80
77	73
89	73
96	73
94	73
56	73
27	73
32	73
90	73
88	73
60	73
83	67
89	73
90	83
71	67
91	53
85	80
93	78
91	73
86	50
86	73
95	67
97	80
99	50
90	60
24	80
89	73
99	73
89	60
97	73
94	83
83	73
72	73
100	67
91	67
43	73
83	53
96	58
74	73
87	73
97	80
63	78
83	73
98	73
63	73
87	73
94	67
86	60
83	60
92	73
86	58
86	73
46	67
97	73
95	89
93	73
90	67
89	73
99	73
79	80
85	53
96	53
86	73
84	67
86	78
96	67
91	73
72	73
57	78
22	73
83	67
95	73
98	80
85	73
56	83
95	80
56	67
86	67
96	73
51	73
78	53
47	67
97	83
91	83
80	58
40	83
85	73
83	73
39	67
46	73
98	73
92	67
63	73
27	73
94	73
93	67
79	50
98	73
88	67
94	53
95	73
98	72
80	53
63	67
85	73
94	78
90	73
83	83
73	73
92	78
78	67
63	58
56	53
88	73
72	73
90	58
21	67
85	60
56	60
42	73
83	73
73	73
56	73
83	67
97	78
94	73
28	73
100	73
13	73
42	73
77	73
96	89
89	73
89	73
92	73
71	60
95	67
34	78
83	53
100	73
99	73
91	73
97	80
90	60
59	67
56	67
31	67
78	60
87	73
71	73
90	67
100	60
93	80
100	73
97	78
89	73
100	67
94	73
95	73
89	73
72	73
85	89
72	67
76	73
95	73
94	67
56	73
21	73
99	53
91	67
92	73
78	73
98	67
86	50
90	83
64	58
97	78
83	73
100	73
98	73
92	73
91	67
83	42
94	73
46	67
83	73
73	73
94	73
91	80
100	73
92	67
96	67
12	73
99	73
40	53
93	73
95	67
99	73
90	83
83	67
63	78
86	53
91	73
51	58
59	73
63	73
95	67
88	67
86	73
98	73
83	83
56	73
78	73
98	53
28	60
86	58
83	73
87	73
93	78
56	58
47	73
96	89
88	78
95	73
99	78
78	58
96	73
88	73
89	80
89	73
95	89
94	67
99	50
60	73
85	58
98	73
56	78
83	67
100	83
96	67
83	73
96	67
83	53
65	80
93	73
71	80
30	83
48	67
83	73
94	73
68	80
86	80
87	73
96	67
92	80
61	73
78	78
85	73
91	73
91	73
86	73
89	73
63	73
91	60
98	83
88	73
94	58
90	53
74	73
85	83
85	73
99	73
83	73
98	60
83	67
93	78
83	58
95	80
66	67
98	67
91	80
13	80
63	67
80	80
94	73
98	60
83	73
91	53
90	83
78	83
89	73
100	73
26	73
72	67
99	73
76	60
86	67
86	73
83	73
85	73
86	78
86	60
87	80
56	67
72	53
84	67
62	73
91	80
98	60
75	73
63	80
85	73
89	73
83	73
83	80
91	83
89	73
56	73
89	73
100	73
92	78
94	73
26	73
87	83
50	83
89	80
80	53
86	73
86	73
83	73
32	80
80	53
83	73
65	73
85	73
87	80
91	73
98	67
88	73
86	67
90	73
93	73
86	73
14	73
63	73
56	60
83	67
93	73
93	80
89	53
78	67
99	73
89	73
90	83
19	60
99	73
20	73
71	83
84	73
100	73
20	73
71	73
48	80
90	60
89	73
97	73
17	73
86	73
71	67
64	73
83	42
98	60
93	73
87	73
98	83
93	67
72	80
88	67
98	33
83	73
85	73
93	73
66	73
90	73
97	80
80	58
99	67
78	73
100	73
92	73
91	67
86	78
89	58
56	73
91	73
87	80
86	73
85	73
94	78
83	67
62	58
86	73
88	73
73	73
85	73
98	83
99	73
100	67
61	67
99	73
87	60
90	73
66	83
68	80
77	73
92	73
95	73
86	60
92	73
87	83
100	73
73	73
90	83
83	53
83	73
98	73
98	73
83	67
86	83
86	58
88	73
83	78
98	73
24	80
94	67
96	67
78	78
83	80
86	73
88	73
95	89
98	67
61	60
73	73
83	83
72	73
31	67
93	73
95	67
88	67
98	73
92	73
97	73
78	73
88	73
89	73
98	83
92	53
78	67
87	67
99	73
92	73
90	73
91	53
92	78
21	73
100	80
90	60
68	80
89	53
98	73
87	73
98	67
60	73
57	78
72	73
51	73
83	73
86	78
71	53
90	73
52	73
87	73
83	67
100	72
88	78
98	72
90	60
83	73
99	67
87	53
86	73
95	73
86	60
89	73
98	58
61	73
96	73
90	73
94	73
16	73
72	67
85	89
94	73
99	67
46	67
87	73
93	58
56	60
91	73
66	73
85	89
56	80
97	73
75	73
96	67
84	67
43	73
89	67
96	73
99	73
68	80
97	73
84	73
94	73
87	80
87	80
88	73
72	80
99	58
78	80
100	67
71	73
99	60
83	73
56	73
85	60
78	60
86	73
85	73
92	73
98	73
100	73
73	73
70	73
100	73
96	67
99	67
70	58
64	50
95	73
96	73
94	53
19	73
88	67
79	67
91	73
100	67
95	60
73	73
97	83
71	67
97	67
93	73
94	67
91	73
100	78
86	58
36	73
26	73
100	78
83	73
94	58
100	72
87	73
63	83
16	73
56	83
71	73
56	50
89	73
78	67
98	67
99	73
55	58
73	73
93	73
63	80
63	67
85	73
14	67
91	73
100	73
79	73
40	83
83	42
96	50
88	67
83	73
89	60
98	78
92	73
56	67
72	67
53	73
83	73
73	67
78	80
67	73
94	73
100	80
93	73
89	73
93	83
78	73
96	73
94	73
83	83
44	73
93	67
99	58
39	73
83	73
86	72
83	50
97	73
86	73
67	67
39	60
99	60
79	73
90	73
46	73
83	53
78	53
52	73
99	60
91	83
90	73
92	53
87	53
42	67
98	73
63	73
88	67
53	73
98	73
88	60
93	67
96	67
70	80
100	42
95	73
99	73
78	73
88	73
32	73
97	73
25	67
91	73
92	67
56	67
96	73
90	83
71	73
63	73
83	73
97	73
83	58
95	67
86	60
92	73
82	83
8	78
86	83
17	73
100	73
93	83
94	60
63	73
96	67
83	42
56	73
63	73
92	73
64	67
97	60
98	60
57	73
56	83
71	53
99	73
64	58
99	50
90	67
78	67
83	53
86	60
72	53
80	53
92	67
93	80
77	73
72	73
56	83
40	53
86	53
88	50
71	83
83	67
84	73
86	60
97	73
89	73
87	73
88	67
70	73
57	67
94	60
57	67
88	73
96	73
80	53
84	83
97	73
83	58
83	73
96	67
88	73
100	73
100	67
83	67
87	73
99	73
100	80
86	60
21	67
83	73
90	58
56	83
98	73
86	73
87	60
100	72
89	67
67	73
83	83
32	80
88	73
17	73
90	60
56	58
89	67
98	73
92	67
91	73
42	73
87	50
85	73
83	73
56	73
92	73
100	67
85	73
93	67
95	67
87	73
89	60
19	73
66	73
95	73
63	73
93	73
94	67
93	33
88	73
88	73
62	73
91	73
86	67
100	83
96	73
39	60
18	73
51	78
46	67
92	73
36	73
67	83
95	73
85	73
91	80
56	58
98	67
89	67
56	67
78	73
56	60
73	73
94	58
93	67
63	73
57	67
51	58
90	73
83	80
86	80
95	42
56	73
100	83
20	73
73	73
95	73
63	78
93	58
80	73
91	73
86	58
100	67
97	80
46	73
94	73
56	33
89	73
100	67
90	72
83	73
56	60
88	67
92	73
42	73
83	60
99	73
87	58
89	73
83	67
70	73
86	73
99	80
83	60
92	67
83	73
89	73
91	73
91	83
88	73
89	73
98	83
70	73
72	78
100	73
85	72
100	60
98	83
100	67
87	73
67	73
64	67
93	80
100	73
97	53
89	73
92	73
90	80
93	83
20	73
63	58
98	73
100	83
13	73
98	50
88	67
56	67
89	73
77	73
99	73
85	80
94	67
92	73
92	60
86	73
91	73
89	83
87	67
91	83
62	73
99	80
98	53
100	53
85	53
78	67
83	73
90	73
56	73
78	73
83	83
87	73
85	60
100	67
63	73
10	67
96	73
79	73
9	67
88	80
83	73
88	60
83	67
88	73
86	73
96	73
79	50
91	80
100	73
99	73
67	67
85	73
100	67
94	73
86	67
95	60
83	73
88	67
85	73
69	67
66	78
98	60
71	83
80	67
99	73
83	73
88	50
40	73
92	73
56	73
89	58
85	73
83	80
28	60
95	73
71	67
85	53
91	73
73	78
96	53
94	60
85	73
32	73
85	53
56	80
83	73
94	73
87	73
91	67
85	73
61	73
46	83
71	73
72	73
89	67
93	73
97	83
86	67
99	53
92	67
96	73
92	67
87	53
90	83
83	73
95	73
52	67
57	73
98	60
92	60
94	80
94	73
99	73
83	58
97	73
59	67
52	67
83	67
83	60
97	80
87	67
86	50
90	73
83	83
63	58
83	73
86	53
83	80
91	83
98	83
89	73
92	73
47	73
73	73
86	73
88	73
85	67
99	73
85	73
46	73
63	73
32	73
79	67
76	73
84	80
97	73
98	83
95	60
86	73
85	73
92	73
90	60
30	83
94	67
93	73
78	73
79	73
95	80
83	80
8	73
83	73
73	73
99	73
73	73
99	73
55	72
92	73
89	73
97	83
41	73
94	73
72	73
83	73
87	73
86	73
94	83
92	67
94	73
79	80
86	67
90	58
92	73
78	83
88	73
93	73
83	67
64	53
78	73
94	73
83	83
83	60
93	33
56	73
99	73
46	53
99	73
85	73
90	67
88	73
99	73
93	78
73	73
87	53
74	60
87	73
93	58
90	53
100	73
87	60
56	80
86	73
100	67
94	67
83	73
83	60
90	67
91	53
85	58
61	73
91	73
98	73
26	73
79	80
83	73
28	60
98	67
78	67
91	60
83	73
99	80
40	78
78	73
56	83
98	67
92	80
66	67
90	78
98	50
56	73
83	73
97	67
72	73
86	67
96	73
92	53
52	73
94	83
66	73
86	83
85	73
93	73
88	60
91	73
8	78
79	67
86	83
56	73
66	80
96	67
77	73
91	73
37	60
60	53
100	73
96	50
97	73
91	67
93	73
86	73
89	73
88	73
91	73
21	83
90	72
83	73
46	67
87	50
78	58
97	67
83	73
56	73
86	58
65	73
94	73
99	67
96	83
63	73
94	80
100	67
79	73
95	60
96	67
16	78
85	73
92	73
56	73
40	73
86	73
93	73
100	80
90	60
13	73
92	42
95	67
98	73
86	50
94	83
40	73
83	73
90	73
95	73
78	73
90	73
85	73
53	73
97	80
83	73
96	73
96	83
64	73
94	80
93	73
94	60
75	73
88	73
94	73
68	80
56	73
94	73
57	67
83	73
100	89
56	73
86	83
91	73
96	73
79	80
90	73
99	67
42	72
85	67
73	73
94	53
91	67
66	67
72	73
98	73
51	83
57	67
83	67
72	53
95	89
95	73
88	67
75	73
85	67
96	80
93	33
98	73
99	73
86	72
93	73
86	73
83	60
43	73
92	73
98	73
83	73
98	53
99	80
99	80
89	67
72	83
46	73
97	67
43	58
39	73
83	73
84	73
44	73
63	58
90	58
71	73
92	67
85	73
26	73
88	73
72	73
53	73
92	73
97	73
56	60
18	73
100	78
78	73
86	67
83	73
98	58
17	78
96	89
99	73
86	67
100	58
78	58
88	73
94	78
87	73
87	73
95	58
87	53
88	73
71	73
87	73
85	78
74	73
91	73
100	73
88	67
56	80
90	73
91	73
86	73
83	73
92	67
86	73
94	67
78	67
88	78
50	60
94	53
99	73
93	67
40	78
89	73
99	73
98	73
99	73
94	73
94	60
97	53
87	73
86	58
85	53
93	67
91	83
86	60
86	83
32	73
72	73
67	60
86	67
98	50
67	83
86	67
83	60
87	73
96	53
83	73
98	73
71	80
94	67
55	67
97	60
86	73
64	58
91	80
63	73
89	73
94	73
85	83
85	73
88	83
34	78
88	73
96	80
85	73
99	67
98	67
83	83
97	73
90	67
85	53
77	73
66	73
86	83
67	80
59	67
99	67
86	58
83	73
88	73
92	73
89	73
87	73
92	73
92	73
27	73
92	73
89	67
90	83
14	73
78	60
88	60
86	67
94	73
100	50
65	67
18	73
92	53
100	67
88	73
94	58
67	73
63	67
88	73
63	58
73	73
83	73
63	67
89	67
88	73
90	60
92	78
92	80
80	53
72	73
96	67
59	53
86	67
46	53
88	73
86	67
100	73
72	73
74	73
85	80
50	73
83	73
72	73
94	80
86	73
46	53
98	83
22	73
46	67
89	73
85	73
99	73
96	73
92	80
72	58
89	83
78	78
83	73
92	73
90	73
83	73
87	60
100	67
93	80
99	73
55	60
65	73
89	73
83	73
57	67
56	73
91	42
93	58
89	73
89	80
88	67
67	83
88	78
87	60
99	73
48	67
83	60
85	73
94	80
92	73
51	60
90	83
97	73
94	80
59	73
87	73
87	67
96	73
96	58
83	73
51	60
94	73
63	73
98	58
86	73
85	73
85	73
54	67
56	60
93	58
89	73
86	73
32	80
89	89
86	67
98	73
89	73
99	60
71	53
61	80
98	73
92	73
20	73
56	60
95	73
92	73
87	73
94	67
99	73
86	73
88	67
94	60
35	60
48	73
16	78
92	73
86	73
100	73
99	73
87	83
86	73
94	42
98	83
97	83
12	73
100	83
91	73
86	73
79	50
88	67
56	83
67	67
77	73
61	53
83	67
85	73
67	73
87	73
84	73
98	58
86	83
98	58
88	73
91	67
71	53
72	67
71	67
86	78
71	73
70	73
85	73
94	73
92	78
88	73
90	83
83	67
91	67
94	80
60	80
85	73
73	73
79	58
91	60
85	42
87	53
89	73
87	73
99	73
60	73
97	73
77	73
100	58
68	80
18	58
56	58
88	73
100	73
72	67
92	73
90	73
85	60
56	73
72	73
85	73
87	73
72	73
100	80
94	67
93	73
89	73
95	73
79	78
77	73
94	73
46	73
85	67
16	78
95	80
83	60
95	73
80	83
86	67
87	80
94	67
64	73
94	78
51	60
89	73
50	73
92	73
85	58
70	73
74	73
95	73
78	67
65	73
72	73
88	73
78	67
46	73
88	83
99	80
85	58
99	78
93	60
71	73
90	73
93	78
92	73
59	73
87	73
91	73
71	73
97	67
67	73
72	80
95	80
85	73
83	73
89	73
99	73
63	73
83	73
87	58
83	73
52	53
93	78
55	83
64	58
85	80
78	58
79	67
73	80
91	53
83	60
83	78
78	83
83	73
98	53
85	73
56	73
93	73
92	53
86	73
71	73
86	73
83	73
56	58
99	73
83	73
88	53
78	67
11	67
43	53
97	78
67	83
87	73
92	60
94	73
91	80
94	73
83	73
89	80
100	73
64	73
96	73
18	73
73	73
89	89
63	73
100	73
56	73
96	73
94	67
97	67
94	78
83	73
50	73
66	73
91	67
96	73
94	58
63	73
90	72
83	73
88	73
89	83
91	80
93	83
59	67
89	83
72	80
98	53
89	73
89	67
95	67
93	73
100	73
86	80
72	67
83	60
91	53
31	67
87	73
88	83
85	60
84	83
100	89
99	73
98	50
93	78
52	60
66	73
86	60
72	73
63	73
85	53
93	67
100	73
99	67
83	73
62	73
100	73
96	67
63	73
92	80
89	73
46	67
83	67
63	78
97	73
98	67
97	73
94	67
85	73
40	73
92	73
89	73
90	67
63	67
94	73
83	73
46	73
98	60
93	73
96	67
95	73
89	80
90	73
90	60
83	73
90	73
61	73
63	73
100	73
85	73
93	78
71	73
97	60
18	73
89	73
100	73
93	58
83	73
89	73
86	73
78	53
80	58
97	80
83	80
91	80
83	67
78	73
35	73
70	73
90	67
87	73
92	73
88	73
84	83
83	58
86	73
67	73
96	67
85	73
26	67
87	67
98	73
73	73
48	60
56	73
89	73
83	80
90	73
85	80
89	73
93	72
30	73
98	73
88	67
28	73
87	73
88	67
78	53
51	73
73	73
78	73
94	73
95	58
83	60
67	67
92	73
28	73
50	60
98	67
92	53
99	73
92	67
88	67
66	73
83	73
90	83
98	73
67	73
86	73
66	73
87	60
100	83
83	73
98	67
70	73
98	73
98	67
85	73
98	73
83	80
88	73
87	73
98	73
85	80
62	73
83	78
86	60
86	42
80	53
88	73
91	80
46	67
55	67
100	80
32	80
17	73
100	67
90	58
97	73
87	80
91	73
87	73
42	67
63	73
86	80
40	78
72	73
96	89
96	73
83	73
91	78
94	73
72	73
53	73
71	73
62	73
89	73
91	78
68	80
91	50
90	73
89	73
51	73
95	60
78	73
99	67
87	80
90	78
71	73
83	73
85	73
90	67
98	72
63	67
12	73
83	83
85	67
86	73
100	73
100	80
97	80
83	67
96	67
73	73
85	60
87	73
39	53
67	83
100	73
94	53
86	60
84	60
97	80
67	67
86	67
88	33
78	83
92	73
96	73
96	67
83	67
89	53
51	60
85	73
93	67
94	73
56	80
60	80
91	83
72	73
72	73
88	73
94	80
89	73
83	60
98	67
94	60
94	60
86	78
97	73
97	73
85	67
86	73
99	73
97	73
89	67
91	67
92	73
96	53
85	73
94	42
100	42
32	80
100	73
97	53
88	78
99	73
67	83
85	73
86	67
90	53
99	60
86	80
100	53
99	73
78	67
100	73
86	80
87	73
83	73
88	73
83	80
98	67
100	83
96	80
75	73
92	60
93	73
87	73
83	73
88	73
93	67
85	80
83	83
83	67
72	80
83	60
42	89
97	73
56	80
95	73
92	60
86	83
91	78
90	83
56	73
99	73
86	80
87	73
89	73
100	80
86	60
83	67
53	73
99	73
86	67
83	67
88	73
98	73
99	73
71	73
68	73
72	80
90	73
56	60
90	60
85	60
67	67
87	73
92	73
98	53
71	73
96	73
62	58
92	78
70	60
86	67
98	73
94	33
98	78
79	73
88	73
87	73
26	67
86	73
79	78
91	53
77	73
97	60
52	73
52	73
27	73
92	73
90	83
94	73
91	83
67	60
74	73
87	83
92	60
95	89
88	73
94	58
89	73
91	73
86	67
88	67
86	73
94	58
39	67
97	60
83	73
94	73
72	73
91	73
83	80
71	53
52	73
32	73
97	73
94	83
63	80
92	73
92	73
86	72
85	73
71	73
56	83
78	53
78	73
66	78
89	73
31	67
83	89
100	73
91	73
90	78
87	73
56	73
97	73
95	73
66	67
85	73
89	73
92	73
39	78
88	73
95	73
100	80
71	53
86	67
72	53
71	80
90	73
86	67
71	73
87	60
93	60
67	73
97	73
85	72
56	73
92	73
99	80
94	73
96	58
86	80
62	73
26	73
88	67
93	78
100	73
92	67
91	67
97	67
100	60
83	67
90	53
83	83
87	60
96	73
98	73
88	73
90	60
72	78
56	58
88	73
89	73
78	73
89	53
89	83
93	73
90	53
53	73
75	73
96	80
14	67
85	60
63	73
83	73
91	73
78	83
83	73
86	60
24	80
88	60
53	73
85	73
92	53
9	67
92	67
56	60
85	60
31	67
99	60
85	73
85	73
94	73
28	73
83	73
92	73
99	78
100	73
97	67
93	67
85	78
78	53
83	73
100	67
67	67
83	53
90	83
85	73
96	73
100	80
98	50
92	73
31	67
89	73
89	83
91	73
92	73
94	67
88	67
90	53
100	73
97	73
99	73
88	53
94	83
77	73
72	83
11	67
96	50
94	67
85	67
94	67
63	73
90	73
85	80
31	80
99	58
86	73
85	73
99	73
99	80
86	73
92	67
100	73
92	67
89	73
84	78
78	73
56	73
99	67
79	53
83	42
50	83
92	73
70	80
83	73
72	73
78	80
91	73
93	78
83	73
87	73
32	53
94	33
87	53
87	67
56	73
79	50
66	73
100	67
84	73
63	83
88	67
92	73
100	73
95	67
28	73
86	67
56	83
93	73
89	67
95	58
92	83
88	80
71	73
74	73
100	73
100	73
86	60
34	78
16	78
98	73
85	73
61	53
68	73
60	60
85	60
56	73
72	73
85	73
94	73
73	73
72	73
59	53
99	67
57	58
78	83
99	73
81	73
61	73
91	80
46	67
98	83
71	67
96	67
99	73
60	83
96	73
72	73
88	73
97	83
89	73
85	73
40	73
99	53
94	67
96	73
47	73
64	83
72	73
89	73
68	80
92	80
89	60
98	73
88	73
96	78
34	78
72	73
87	73
67	83
88	67
88	60
95	73
92	73
12	60
95	73
94	73
83	83
92	73
99	73
87	73
91	80
71	73
88	67
99	73
95	67
79	73
94	67
85	73
90	73
98	60
83	67
98	73
86	73
91	73
83	73
83	73
51	73
89	60
99	73
99	73
92	73
79	50
86	73
86	73
86	67
90	67
89	73
93	73
100	73
86	58
93	60
83	83
87	73
94	73
89	67
70	73
92	73
97	83
56	73
89	73
66	78
52	73
86	73
93	67
86	73
92	53
100	73
83	73
85	73
63	78
70	73
90	73
86	50
98	53
65	73
93	67
46	73
88	33
92	67
100	58
83	73
91	78
24	80
64	67
98	60
69	83
99	67
89	73
98	73
83	53
89	83
98	73
96	80
63	58
80	83
48	73
100	80
90	73
86	58
86	73
91	73
99	80
85	60
92	73
73	60
16	78
87	73
78	83
57	58
94	67
90	67
97	60
85	83
98	73
92	73
72	53
97	73
97	78
93	67
87	73
92	73
98	83
100	73
72	73
40	83
56	58
83	73
83	73
83	73
96	83
95	58
99	73
72	80
93	80
88	67
92	73
28	73
78	67
100	80
68	73
68	80
93	67
65	73
70	60
72	80
68	73
88	73
98	60
99	73
72	73
89	60
34	78
89	67
86	73
99	73
83	73
63	73
88	73
90	73
92	67
96	73
50	83
92	73
95	73
75	83
86	73
86	73
70	73
99	67
85	73
99	67
83	73
85	67
86	83
66	73
78	73
90	53
100	78
97	83
100	73
83	73
95	67
72	73
79	73
26	73
83	73
90	83
100	73
92	80
86	83
83	58
87	83
46	73
93	78
100	73
85	73
89	73
55	73
72	73
91	80
94	58
85	73
86	67
92	67
30	73
88	80
78	67
72	73
90	73
87	73
91	73
93	80
90	78
86	73
72	73
91	73
99	67
75	73
94	53
96	73
70	73
82	53
90	73
96	60
28	67
43	73
72	73
91	73
56	83
85	80
20	73
87	58
83	42
67	80
97	80
46	73
100	80
63	73
85	73
88	83
56	80
87	73
93	73
99	83
70	58
89	83
96	67
83	53
83	73
87	53
73	80
83	67
93	73
86	50
18	73
37	60
96	73
86	60
100	73
86	73
78	83
100	73
78	73
97	67
91	73
90	80
93	67
66	73
98	58
61	67
83	67
40	73
86	73
74	73
85	67
87	73
83	73
84	73
43	73
72	67
83	42
97	53
26	67
99	50
86	73
61	67
100	73
83	67
78	78
97	73
89	73
93	67
95	60
67	73
40	67
60	73
99	73
96	73
18	78
86	73
97	80
56	67
83	58
92	73
79	53
96	78
89	73
99	73
86	78
39	53
91	73
83	53
73	73
86	83
83	73
94	73
95	83
96	67
46	73
93	78
88	73
89	73
96	80
96	73
86	73
77	67
91	73
86	60
78	80
83	73
86	73
87	73
64	83
21	83
87	67
99	73
90	83
83	67
88	67
51	73
100	73
85	73
91	73
56	73
88	73
27	67
93	58
83	67
94	58
85	73
70	73
85	80
97	78
88	73
89	73
91	73
56	67
76	60
83	83
97	67
91	73
97	73
62	73
95	80
90	78
95	83
86	73
93	78
78	73
37	60
92	53
91	73
83	60
94	58
100	73
92	73
87	73
90	53
100	67
85	73
52	73
56	73
71	53
94	78
93	80
95	73
91	60
85	73
56	67
72	73
98	42
85	89
100	78
66	73
90	73
80	58
62	73
72	58
93	73
93	73
94	42
78	58
91	73
84	60
99	67
89	73
72	80
84	73
98	73
96	80
100	83
94	73
67	67
60	60
85	73
67	67
86	60
98	73
99	73
98	73
65	67
90	83
83	73
83	80
71	73
21	67
83	67
59	73
99	58
90	73
98	83
65	73
94	73
78	53
98	73
79	67
90	83
83	73
85	73
84	73
91	73
78	73
86	73
72	73
83	73
97	58
48	67
99	80
96	53
93	73
90	50
100	60
94	58
94	42
89	67
72	67
56	73
96	73
85	67
87	80
90	73
90	73
39	73
86	60
94	53
92	73
91	73
83	80
73	73
39	73
91	73
88	73
91	73
98	73
98	53
80	83
92	53
99	50
91	50
31	80
94	89
90	73
83	73
88	67
91	73
92	67
96	58
92	73
83	80
83	73
99	73
64	73
92	73
90	50
85	60
86	73
86	73
96	53
94	78
83	73
39	73
98	80
97	53
87	67
63	83
94	80
90	60
96	67
83	73
99	67
92	67
67	67
93	67
67	33
86	73
95	67
100	80
56	83
85	80
92	73
33	83
95	73
8	78
98	60
95	73
57	78
60	73
79	67
92	78
91	73
71	80
98	73
96	73
94	80
88	73
98	73
57	67
94	60
83	78
72	67
83	73
94	83
90	60
91	73
66	73
99	67
78	67
78	58
97	80
72	73
97	73
72	73
56	80
88	73
83	73
85	73
72	60
90	73
94	73
100	78
94	73
83	80
100	73
90	83
94	73
90	67
89	73
80	53
98	78
77	73
96	58
89	73
89	73
94	53
50	67
86	67
96	58
72	73
96	73
89	73
83	83
89	73
86	67
99	83
56	73
22	73
90	73
86	73
100	73
46	67
78	73
89	73
89	67
63	83
97	58
96	80
98	67
90	83
93	73
98	60
93	78
91	67
86	73
63	73
39	53
86	67
74	60
78	67
96	72
63	73
51	73
56	73
99	73
91	67
98	73
98	53
56	58
83	73
86	73
93	67
46	67
40	73
83	60
99	53
87	73
93	83
91	73
83	73
79	73
99	53
83	73
94	73
100	53
52	73
98	83
90	67
86	73
72	67
85	80
66	73
83	83
78	83
97	67
92	78
90	73
62	73
96	67
94	73
50	73
17	73
87	73
94	83
93	67
8	73
89	73
87	83
85	80
86	60
85	33
93	80
94	58
38	67
56	73
56	80
90	73
89	73
18	50
86	73
86	53
83	42
90	73
95	73
96	73
89	60
56	73
97	73
93	73
88	67
43	73
89	67
92	73
83	73
97	73
70	73
83	73
85	78
93	83
57	58
96	73
83	67
94	33
67	67
100	60
91	60
92	78
99	80
99	73
83	73
63	67
59	73
72	80
83	80
86	50
72	73
71	73
88	53
88	67
78	73
83	60
72	67
65	73
94	67
88	73
83	53
39	73
96	83
92	73
87	73
91	73
83	73
42	73
83	73
90	78
93	73
99	80
57	73
83	67
51	78
80	58
86	58
95	73
100	73
78	67
86	73
83	83
67	33
90	73
51	60
91	78
90	67
92	73
82	73
85	73
85	67
91	80
83	60
88	73
96	58
89	73
71	73
100	60
94	78
96	73
66	78
86	67
83	83
98	73
31	67
88	67
45	80
100	67
88	78
78	67
56	83
54	67
89	60
88	67
25	53
70	73
96	73
88	73
78	67
79	67
71	67
98	78
96	83
83	73
48	60
86	67
86	53
72	58
100	80
91	73
86	60
86	73
75	72
91	78
85	73
99	73
51	58
89	73
45	53
86	73
85	73
60	73
34	73
70	73
87	53
73	73
98	73
98	73
83	73
89	73
94	53
78	67
94	67
83	83
73	80
78	60
84	73
86	67
98	50
97	80
89	73
91	73
94	67
100	73
89	80
94	73
72	67
56	73
72	67
61	73
88	67
63	83
90	73
56	67
94	60
94	73
63	67
94	80
94	73
89	73
89	60
52	73
89	60
72	60
83	60
86	73
52	73
88	73
89	73
39	67
91	83
57	53
85	73
84	83
94	73
94	73
94	58
18	73
92	60
87	73
100	73
86	73
79	53
97	73
81	73
83	58
21	73
89	73
63	67
93	83
83	73
84	80
83	73
90	73
98	58
92	73
88	67
89	67
83	50
97	73
90	60
79	73
97	83
95	80
61	53
93	73
89	80
72	73
90	80
56	73
74	73
96	83
66	83
83	58
94	80
56	73
90	60
83	73
97	80
65	67
86	67
95	67
86	73
92	73
78	73
78	67
72	60
83	73
85	80
72	53
78	73
96	73
88	78
83	73
60	83
90	83
93	73
64	67
8	83
91	42
57	58
85	73
98	60
13	80
84	60
90	60
72	80
85	72
92	73
63	73
94	60
80	53
83	73
92	73
85	73
67	83
87	73
57	67
63	73
83	67
67	73
67	67
90	73
95	73
87	73
89	67
67	78
85	73
26	73
86	73
40	73
95	73
83	83
90	73
66	73
34	83
94	73
87	67
77	67
87	83
88	73
83	80
94	67
87	73
79	73
88	73
84	60
98	73
88	67
59	73
83	73
89	73
99	80
63	73
93	73
84	67
73	73
94	73
94	73
90	53
86	58
85	73
78	73
93	73
66	73
88	73
70	73
83	73
86	67
91	53
78	73
94	73
96	67
97	73
94	58
96	80
96	73
88	83
94	67
83	50
78	67
64	73
89	83
86	58
83	73
91	83
56	73
91	80
83	73
60	73
67	73
91	67
88	73
86	73
16	73
100	78
87	73
83	67
75	73
98	60
88	73
72	73
89	73
93	73
59	60
93	73
89	73
90	78
91	73
84	60
70	73
83	78
28	73
85	73
95	73
92	73
95	67
100	73
56	73
87	67
89	73
85	67
89	73
30	73
84	80
87	53
85	73
72	73
92	60
89	73
92	73
96	80
100	73
80	80
97	67
51	60
94	83
89	73
97	58
79	50
85	60
77	73
86	73
85	73
87	67
94	83
92	67
70	73
66	73
71	60
72	53
100	67
48	73
89	73
100	73
94	73
88	73
83	67
97	53
80	53
87	73
100	73
100	89
100	60
53	73
65	73
60	67
94	58
89	67
42	89
98	73
17	73
92	73
8	78
78	73
99	73
99	80
83	73
75	72
100	73
65	53
94	58
83	89
94	80
83	73
63	73
88	73
89	73
98	67
59	73
34	83
94	67
98	67
88	78
90	73
85	73
92	53
67	60
79	73
93	73
98	73
26	73
82	73
78	73
99	73
92	67
71	67
32	53
83	83
99	73
72	73
87	67
93	73
83	73
87	73
89	80
91	83
66	73
85	80
89	73
92	73
88	67
92	73
85	60
87	60
66	83
88	73
93	73
87	73
86	73
56	73
96	73
63	67
91	78
71	73
86	73
31	80
99	73
96	80
94	67
98	73
66	73
37	83
46	73
22	73
96	73
89	58
92	73
87	73
70	73
85	53
100	73
73	73
91	83
100	83
85	83
56	73
56	53
96	83
91	67
85	80
88	73
71	73
96	73
89	73
88	53
96	73
96	58
67	67
90	53
83	73
86	73
56	73
89	80
26	73
85	73
59	60
88	73
91	73
94	53
70	73
11	67
94	78
71	73
93	67
65	67
88	73
99	80
89	60
78	73
88	60
52	60
86	73
85	73
97	73
85	80
90	73
83	73
86	50
94	80
52	73
34	78
83	67
83	73
98	73
72	67
85	53
86	50
73	73
99	73
94	83
86	73
32	53
88	60
85	73
46	53
91	80
97	73
96	67
96	53
47	73
14	73
88	73
86	60
83	73
90	83
73	73
85	60
100	67
83	73
91	73
75	73
91	83
56	50
99	73
91	53
36	73
93	67
97	73
100	83
66	67
98	67
83	80
46	53
91	67
89	60
96	67
96	58
96	73
80	58
79	73
70	73
84	73
90	78
30	73
92	73
93	83
91	67
85	80
89	53
56	73
83	73
86	80
88	78
93	80
90	50
94	73
93	72
95	73
71	67
21	73
99	80
98	73
99	73
97	58
83	67
92	73
94	53
94	53
92	73
91	67
90	58
85	80
98	73
86	80
86	60
93	60
45	53
83	73
86	60
85	80
92	73
98	58
83	58
85	89
89	80
79	80
97	73
94	73
96	73
98	67
57	67
100	73
90	67
56	73
90	60
90	78
92	73
89	73
66	73
93	33
83	58
92	67
94	89
92	58
65	73
40	73
96	83
88	73
99	73
96	73
86	83
94	80
72	73
98	67
90	73
89	67
83	80
92	67
63	73
94	73
84	67
86	83
91	73
17	78
43	73
96	80
97	80
43	73
91	78
96	83
92	67
93	73
85	80
100	67
27	53
90	53
99	73
91	80
75	73
67	67
87	73
96	73
93	73
95	73
91	80
99	83
97	73
87	80
83	67
98	73
85	73
66	67
85	73
63	73
86	80
62	73
94	67
61	60
85	73
40	83
88	67
88	60
97	67
13	80
85	67
95	83
90	67
91	53
93	67
89	53
73	73
93	78
96	73
97	73
78	73
97	60
90	53
92	83
56	80
91	78
86	53
100	73
88	73
72	73
72	83
92	80
86	73
18	73
83	73
36	73
99	83
83	73
99	50
8	78
85	73
88	33
56	83
88	73
83	53
93	73
97	60
88	67
83	73
95	58
90	83
100	72
100	73
84	73
85	78
89	73
100	73
94	80
98	80
99	73
61	67
56	73
86	67
17	78
100	60
92	53
96	67
95	73
42	72
86	53
16	73
56	83
65	73
86	60
95	60
80	53
86	73
90	58
89	53
61	89
97	67
88	60
91	67
17	73
92	83
56	73
83	73
71	60
89	67
72	58
45	53
90	83
92	73
83	53
84	60
86	67
91	80
94	73
8	73
64	73
100	73
25	67
88	67
92	73
97	58
56	80
89	73
32	72
56	73
86	60
93	73
46	73
86	73
88	73
90	58
83	73
88	73
99	73
86	60
87	73
93	83
86	78
86	72
71	67
99	67
88	67
89	60
91	73
92	73
86	60
88	53
94	73
56	73
100	73
86	60
83	73
63	80
73	73
99	67
83	73
89	80
99	80
83	83
56	73
36	73
37	60
83	73
84	73
89	73
90	73
88	73
88	67
88	73
86	73
63	67
99	80
69	67
100	73
91	73
56	73
64	80
87	60
85	80
92	80
94	78
86	60
100	73
100	60
87	73
86	60
93	73
85	80
89	73
86	80
94	73
87	67
94	58
83	73
86	73
83	73
95	67
84	67
83	83
83	73
92	73
89	60
98	53
88	73
94	73
32	72
87	67
95	73
91	73
85	80
90	73
96	73
92	73
88	67
88	73
85	73
93	73
71	60
60	73
88	60
99	73
83	73
98	58
51	58
95	73
85	53
98	67
66	80
86	73
47	73
88	53
87	53
100	73
85	60
85	73
56	73
53	83
87	83
90	60
87	58
86	73
55	83
45	53
64	73
18	78
46	73
85	67
92	67
84	73
99	67
90	67
94	73
72	83
96	73
89	73
96	58
61	73
96	78
94	80
72	73
77	73
93	53
95	73
96	80
100	73
93	60
63	73
56	83
45	80
100	53
98	67
98	58
78	67
88	73
90	73
92	67
93	78
80	83
77	73
88	67
85	73
99	73
27	53
97	80
78	78
51	73
90	73
85	73
11	67
97	73
88	73
18	73
83	67
88	73
67	78
43	73
97	83
94	73
64	67
99	73
92	73
90	67
63	73
100	73
86	73
92	67
86	73
83	53
26	67
85	73
78	73
72	73
88	73
85	67
90	53
