72	67
94	67
88	67
92	78
94	42
95	53
43	53
86	80
91	73
64	73
88	53
90	60
56	67
56	73
91	80
93	73
89	80
89	58
90	73
88	73
62	73
72	67
94	73
83	60
48	58
86	53
57	58
56	73
95	67
91	53
85	58
76	73
72	73
67	83
83	67
97	73
71	58
99	73
83	67
55	73
94	60
57	78
93	58
91	80
56	73
85	67
93	73
100	73
85	67
85	73
46	73
99	67
99	73
55	53
61	73
56	78
85	67
87	73
86	67
91	60
98	73
62	73
56	50
86	67
19	50
61	73
39	73
92	73
97	73
56	73
99	67
93	67
87	50
90	83
90	80
99	53
96	83
84	73
93	50
28	73
87	73
85	73
83	78
99	67
94	83
93	73
78	73
69	73
99	73
94	53
94	67
68	73
85	73
79	73
86	67
34	73
93	73
63	53
98	67
99	73
86	60
92	53
86	73
92	73
90	73
82	73
65	80
10	60
96	80
83	73
88	67
96	73
98	80
87	73
99	73
91	73
61	53
72	78
72	83
83	73
99	58
56	73
91	80
61	73
99	60
97	73
94	73
85	73
63	78
97	73
98	78
89	80
100	53
83	67
93	73
89	73
87	60
85	73
66	73
89	73
72	67
94	83
97	73
83	58
89	67
66	78
100	42
18	73
83	73
99	83
72	67
56	60
78	60
99	73
97	67
88	73
92	73
75	80
100	67
65	73
97	89
97	73
95	73
72	83
78	73
89	78
95	73
93	53
89	73
94	67
89	73
88	58
66	58
83	67
84	73
88	53
100	53
99	53
86	73
85	73
94	73
92	83
90	73
91	73
93	53
95	53
87	83
96	80
88	73
96	73
93	73
60	73
90	73
83	53
56	73
99	67
73	73
97	67
83	73
92	67
83	73
92	73
96	73
94	73
89	73
89	67
91	67
84	73
84	67
90	60
56	73
97	60
28	73
83	58
90	67
86	58
95	67
85	73
91	73
66	58
94	73
100	73
56	33
90	67
83	60
83	73
83	78
95	73
21	73
93	67
86	83
84	67
93	67
85	73
83	73
18	73
69	73
86	73
85	73
68	67
99	67
100	67
97	73
55	73
90	73
97	73
87	53
72	60
94	60
93	67
93	73
78	58
89	60
95	80
46	67
87	73
99	73
90	73
98	67
62	73
89	60
83	33
93	67
20	60
84	78
93	67
92	53
87	58
63	67
92	73
83	58
67	73
94	73
92	67
94	73
86	73
88	72
60	83
86	73
72	67
85	58
24	73
71	67
94	80
98	73
91	80
95	60
90	73
86	73
91	67
65	80
88	73
56	73
98	67
89	73
100	73
90	67
65	73
42	80
85	73
72	78
85	73
86	67
22	72
52	83
85	83
89	33
88	73
88	73
32	83
65	73
90	67
88	83
34	73
88	50
72	53
70	73
94	67
83	80
89	73
94	73
95	83
83	33
91	67
84	73
86	67
89	73
66	73
92	73
90	73
59	73
88	60
90	67
85	50
86	73
78	67
94	80
97	60
26	67
86	67
27	73
55	73
90	73
62	83
97	89
72	67
99	67
90	73
83	78
83	73
85	67
87	73
95	60
95	60
86	67
94	73
97	60
91	67
83	73
83	73
99	73
88	73
56	73
86	73
93	73
84	73
88	67
30	73
72	73
98	60
56	58
53	73
89	73
22	72
86	73
87	73
56	83
88	73
99	83
90	73
26	67
87	80
75	67
96	73
93	53
90	67
90	73
96	80
97	73
87	60
95	83
87	73
63	73
100	80
92	60
87	73
64	53
88	78
89	73
86	73
48	60
36	73
100	73
95	73
94	73
91	78
91	60
100	67
94	67
63	73
97	89
84	67
86	73
56	73
84	80
100	73
54	67
97	60
97	53
92	73
66	73
97	73
24	53
88	67
30	80
83	80
34	73
86	73
72	67
88	73
94	83
9	73
88	73
88	73
47	83
28	53
83	53
85	73
63	83
99	60
86	73
83	73
72	73
92	60
78	58
56	67
93	73
63	67
84	53
56	73
90	73
92	83
53	67
71	73
97	73
31	73
95	73
83	67
88	73
99	73
78	60
83	73
90	73
87	73
92	67
56	73
98	67
13	78
78	73
78	73
46	60
83	53
90	73
91	58
87	73
96	73
97	73
86	73
92	83
28	83
95	73
85	60
89	53
86	73
92	73
95	58
100	67
95	67
96	73
27	73
61	73
88	67
69	73
86	73
83	67
56	33
97	73
48	58
97	83
18	67
89	67
96	73
94	78
89	53
83	73
93	53
87	73
94	73
98	42
56	73
72	80
100	53
98	73
69	73
92	73
86	80
53	73
83	73
97	73
55	73
97	73
97	73
97	67
67	58
96	73
57	80
100	73
93	73
96	73
85	73
45	67
98	60
91	60
70	73
61	67
89	73
86	73
94	73
86	80
95	58
95	73
91	73
83	73
89	58
90	73
88	67
73	73
91	73
42	53
95	60
95	60
85	73
100	73
89	73
96	83
12	83
95	73
63	67
84	58
56	83
96	73
83	58
85	73
78	73
87	67
90	78
90	73
94	73
32	73
86	60
78	73
96	60
91	73
99	73
97	73
95	83
84	73
72	53
26	67
61	73
95	73
46	60
91	67
89	73
92	60
56	73
66	53
99	67
73	73
36	73
97	73
84	67
97	73
98	73
70	73
95	73
91	58
85	78
72	58
96	67
88	80
86	73
93	73
94	80
98	33
98	67
83	73
67	73
54	67
73	73
65	67
83	73
57	73
92	83
95	73
88	67
50	83
97	53
85	73
87	60
86	73
67	73
99	73
63	72
91	67
91	83
56	58
98	42
73	67
88	67
87	58
98	67
100	67
83	73
94	73
95	73
83	73
100	67
94	58
72	53
53	73
99	73
91	60
65	73
86	83
94	73
89	67
83	73
93	58
75	67
91	53
83	58
91	73
72	73
86	58
98	73
100	58
46	73
89	73
21	58
94	67
89	60
55	53
98	60
93	80
86	80
94	73
100	53
18	73
95	58
66	73
88	53
99	73
56	53
98	60
97	73
88	60
63	53
72	50
90	67
46	83
63	78
89	73
69	78
71	73
93	53
46	60
83	53
66	73
56	73
88	78
83	73
97	73
98	53
95	73
90	73
66	58
95	60
94	73
80	73
85	73
56	67
97	67
100	67
93	73
63	73
44	73
85	73
93	73
84	73
83	73
40	67
87	67
100	73
83	73
67	73
86	73
92	67
89	73
96	67
100	73
86	73
51	80
97	73
83	73
100	73
99	58
91	73
83	73
96	80
92	78
84	73
62	73
86	73
93	73
84	73
88	73
91	58
84	73
86	73
85	60
86	73
86	78
80	67
60	73
93	73
83	73
87	73
83	58
63	83
93	73
66	73
92	73
64	67
83	67
83	73
12	73
56	42
91	73
97	73
98	73
92	73
85	73
83	73
92	67
86	73
87	60
93	73
87	83
75	67
86	73
78	73
91	73
25	67
89	73
70	60
85	67
83	73
91	83
62	67
91	67
99	73
12	89
89	78
83	73
98	73
100	73
42	80
83	67
95	60
67	67
72	78
95	53
91	73
28	73
98	78
84	53
94	73
93	83
63	80
94	73
98	58
90	73
94	73
85	73
88	73
95	53
72	73
91	89
86	78
100	60
90	53
85	73
26	58
89	58
93	53
96	73
70	67
56	73
98	60
88	73
88	80
56	73
91	73
94	67
43	53
91	60
47	53
91	73
46	58
83	73
91	67
86	67
84	58
94	80
95	60
91	67
86	80
92	73
78	80
86	73
83	73
46	58
78	73
85	73
86	73
86	67
87	67
56	73
90	73
88	72
83	67
46	73
90	73
89	73
67	73
83	73
98	60
90	67
83	73
88	73
86	67
94	67
98	67
68	73
27	73
72	73
91	67
95	73
98	83
86	80
46	73
28	67
78	73
99	67
91	58
98	73
70	73
99	73
88	83
86	80
83	73
93	58
87	73
88	67
93	67
96	83
93	83
83	73
97	80
86	67
85	67
66	58
89	73
92	73
32	83
94	67
73	73
99	73
90	83
97	73
62	73
32	73
70	72
78	73
72	58
67	73
89	73
51	73
87	73
86	73
90	73
93	73
99	58
99	73
99	73
96	53
86	67
88	83
89	73
91	53
8	60
91	80
99	60
83	73
71	73
80	73
99	73
98	80
99	83
86	80
91	80
90	83
98	42
56	73
83	73
56	73
83	73
88	60
93	73
87	73
96	73
100	73
94	60
56	73
88	73
85	73
99	73
92	53
72	67
83	53
51	83
88	73
7	60
84	73
100	58
24	73
83	73
80	67
100	53
43	67
97	58
85	73
85	73
100	73
46	58
95	73
67	73
72	83
90	73
83	67
63	73
89	73
42	50
24	53
85	73
64	78
92	73
94	73
94	80
86	83
56	50
83	78
99	73
47	80
67	83
100	67
88	73
83	73
88	67
99	67
56	73
83	73
72	73
96	67
94	73
96	80
57	73
97	73
99	80
85	58
86	80
98	73
99	67
56	73
93	73
85	73
97	60
84	53
94	73
95	53
92	73
95	73
89	53
83	53
85	73
89	58
97	58
98	73
90	73
91	80
59	73
95	60
66	73
63	60
78	42
83	73
91	73
98	60
85	73
86	67
66	60
56	83
85	80
69	60
87	67
100	73
89	73
88	67
94	67
88	73
98	60
86	67
86	73
86	73
91	73
83	50
95	73
72	73
90	83
78	83
98	73
100	73
65	73
84	73
83	53
42	73
83	67
94	67
36	73
78	67
67	73
92	78
90	80
34	73
89	73
99	73
94	73
56	73
57	83
96	73
98	80
97	67
12	67
40	67
46	72
92	73
97	67
87	80
63	58
89	67
95	73
94	67
83	73
84	73
93	73
63	73
94	73
88	83
85	67
91	83
88	53
93	73
86	73
83	73
100	73
56	73
85	80
96	80
83	83
97	73
88	73
91	83
93	67
83	73
85	60
89	83
56	60
96	50
56	67
96	58
96	73
72	73
78	58
90	67
94	67
83	73
85	67
97	67
90	83
91	67
85	73
89	78
47	80
83	67
87	80
86	83
86	73
66	73
83	73
87	80
30	73
74	80
80	73
88	83
95	73
87	73
12	80
83	53
88	73
93	73
91	73
86	73
93	80
56	80
98	73
83	67
89	83
72	73
92	73
56	73
91	80
70	73
91	73
63	60
95	53
83	83
80	73
57	58
64	53
79	73
69	73
46	73
100	78
95	73
87	83
86	78
83	83
99	83
83	73
89	67
94	67
61	67
97	73
93	58
9	60
57	58
83	73
91	73
99	58
86	73
86	80
88	60
92	42
96	67
83	73
83	67
99	73
48	60
100	73
47	73
90	73
87	73
78	42
77	83
78	67
100	73
100	53
83	53
95	73
94	67
89	73
93	73
97	60
86	73
76	73
83	67
16	53
94	60
90	73
89	58
89	80
70	53
56	73
99	83
88	73
72	73
32	73
83	60
78	58
88	67
85	83
83	73
85	73
90	73
83	53
87	89
83	73
28	60
83	58
42	67
95	73
94	42
91	67
95	73
90	73
97	67
83	60
94	67
86	73
93	60
86	73
98	60
96	80
69	73
90	73
52	73
91	60
85	73
65	73
93	80
90	60
35	53
86	33
100	73
63	67
83	58
72	73
83	53
91	73
92	73
90	73
13	73
89	60
98	73
83	73
61	89
86	73
93	73
90	67
86	73
99	73
95	73
84	73
73	80
98	60
98	58
71	73
95	53
85	73
78	80
63	73
99	73
90	73
100	73
85	67
87	73
85	73
43	78
61	73
63	73
86	67
92	53
85	73
96	53
100	53
56	80
85	73
38	73
100	73
87	67
97	67
92	83
99	73
59	67
80	73
100	53
91	60
72	83
75	73
73	73
88	83
61	83
56	73
91	73
78	73
93	83
91	73
25	73
92	78
66	73
90	67
97	58
64	67
85	73
89	80
56	73
98	73
87	89
64	53
92	67
87	67
61	73
91	67
86	67
98	67
84	73
98	73
94	67
89	67
85	67
93	67
83	73
97	67
61	58
72	78
88	60
90	58
78	73
86	67
85	73
72	83
97	73
88	73
86	72
94	73
98	73
87	60
94	53
97	73
90	73
93	53
95	73
56	73
91	53
71	73
72	53
93	67
100	67
20	73
93	80
63	73
19	50
93	58
78	60
99	73
100	73
99	89
89	67
71	73
21	73
92	73
83	73
70	73
30	73
83	73
76	73
87	78
92	73
86	73
97	67
91	67
100	73
51	73
83	60
100	67
90	67
57	80
83	58
42	67
69	73
95	53
72	53
94	83
98	73
88	73
55	53
91	73
97	73
72	73
93	67
86	73
46	58
85	58
51	78
72	73
94	53
88	60
99	80
90	83
86	53
56	73
86	80
90	80
57	73
98	73
89	73
67	83
83	60
99	73
59	73
94	67
72	60
89	67
72	73
86	73
86	53
90	73
64	53
91	67
85	73
93	80
56	73
71	78
78	83
63	73
83	58
95	83
86	73
91	73
93	73
93	67
95	67
98	73
47	67
92	67
85	73
94	73
86	80
93	73
99	73
100	73
83	83
28	67
64	67
98	73
97	73
59	73
96	60
93	73
86	58
56	50
99	73
100	73
98	78
92	67
93	67
86	73
89	80
85	73
8	67
72	53
83	67
100	73
100	80
93	53
55	73
87	83
66	73
98	73
97	73
87	67
72	73
90	73
83	73
90	73
94	73
70	67
72	78
89	78
36	80
53	73
96	73
71	73
78	73
85	67
83	60
67	83
80	73
87	80
83	73
85	73
99	67
94	50
36	73
62	53
100	73
85	73
83	67
56	73
83	73
87	80
93	73
91	80
93	80
100	73
98	58
80	73
94	67
99	58
78	83
89	78
73	60
20	60
99	73
97	73
93	53
84	73
63	53
91	73
88	50
87	73
36	73
34	83
78	73
85	83
99	83
93	73
90	58
30	83
93	53
93	83
96	53
94	67
91	73
99	67
84	73
98	73
67	78
46	72
94	73
83	73
70	73
99	83
31	73
97	73
97	73
92	53
95	83
99	67
94	73
98	73
91	67
83	73
96	67
87	73
100	73
93	73
97	73
96	73
95	73
95	53
100	80
86	58
88	73
26	67
91	80
94	73
95	78
100	73
83	78
86	67
94	53
91	73
93	53
97	73
46	73
66	58
89	73
98	80
55	73
88	83
89	73
86	73
87	73
95	73
91	73
100	73
86	73
63	53
89	73
88	73
86	53
94	67
98	73
100	83
56	73
63	60
91	73
35	53
65	73
61	67
91	73
94	53
86	80
87	73
94	80
72	73
69	83
83	73
86	67
83	73
94	60
83	80
85	73
91	67
94	73
86	67
91	73
89	58
96	80
93	53
94	73
100	53
90	73
91	67
94	60
76	73
73	73
88	67
94	73
90	73
97	73
86	78
63	73
72	73
83	73
63	73
85	78
99	73
75	80
92	53
51	73
86	67
71	50
89	73
83	83
73	73
72	67
83	73
88	67
99	67
69	73
47	53
51	73
93	73
92	73
21	73
85	73
99	83
92	73
86	67
72	73
52	73
78	73
85	73
86	78
91	73
86	67
89	80
70	67
90	67
98	73
66	58
94	73
87	73
99	83
83	58
83	67
86	73
56	50
69	89
80	80
78	42
97	73
62	53
98	80
78	67
86	80
100	73
91	73
86	73
78	73
99	83
88	60
87	73
86	73
83	83
56	67
83	73
95	73
93	73
83	73
72	73
92	53
57	58
83	73
96	58
84	53
92	83
86	73
86	73
85	73
91	60
92	73
85	73
56	83
83	73
94	73
88	80
100	67
90	60
86	60
94	73
83	78
98	50
90	73
89	73
86	73
98	80
90	73
86	58
88	67
87	80
86	67
90	67
95	53
65	83
89	73
93	78
66	73
99	83
89	73
88	73
83	60
89	73
98	42
93	73
86	73
85	80
78	73
72	80
85	58
83	67
98	80
97	73
62	53
78	83
96	60
99	73
83	73
92	73
89	73
89	58
95	67
84	73
90	67
46	60
56	67
88	80
54	33
85	73
66	73
91	67
97	73
96	53
60	73
92	60
100	73
89	73
95	60
13	73
97	60
70	73
99	53
99	53
88	73
72	73
89	53
46	73
67	67
50	73
50	73
86	83
56	73
72	53
98	73
99	73
51	73
78	73
91	73
86	73
85	67
85	73
47	80
46	60
94	73
73	67
38	73
95	83
88	78
100	73
26	67
92	83
97	80
90	80
72	53
55	73
83	73
63	60
99	80
99	67
86	83
99	80
56	73
92	80
83	73
56	73
93	67
88	73
92	67
88	73
99	73
85	67
47	80
95	73
92	89
100	58
72	73
98	78
88	83
46	60
42	67
83	83
100	73
100	80
93	67
85	73
66	73
90	73
83	67
32	73
78	73
55	73
70	73
71	73
51	67
62	80
65	73
83	60
92	80
95	67
78	73
96	73
99	78
89	73
97	73
88	60
56	73
48	60
83	67
91	53
97	67
90	80
97	73
64	67
89	73
59	53
87	83
96	73
76	73
100	73
92	67
87	73
63	78
46	73
97	73
100	73
93	73
93	73
88	67
26	67
96	83
89	73
85	73
91	80
90	60
85	73
93	78
99	73
86	67
95	67
94	67
90	80
71	73
61	89
86	53
89	67
85	73
90	73
83	53
56	73
99	67
89	83
83	73
91	83
83	67
91	67
91	67
95	67
98	58
98	73
56	73
86	73
92	42
98	80
95	67
94	80
91	58
88	73
86	73
86	73
83	73
56	73
78	60
83	80
96	78
86	73
71	67
88	73
98	80
32	67
88	73
89	60
96	83
95	73
97	67
69	73
94	67
85	67
85	60
85	60
92	73
98	73
46	60
86	83
92	73
88	73
95	53
78	73
83	73
51	53
46	67
63	73
98	83
94	73
61	80
83	73
85	73
74	73
95	73
87	60
93	73
83	60
56	73
85	60
88	67
92	73
89	73
91	73
86	67
75	67
89	67
95	73
78	73
34	73
56	73
100	60
100	73
87	80
91	73
26	67
67	67
94	73
96	78
95	73
67	73
99	73
56	83
83	73
90	67
98	60
86	80
87	73
83	67
51	80
94	73
83	67
96	73
83	73
98	80
99	73
100	73
60	73
92	58
53	73
88	67
97	73
94	53
99	73
86	73
83	73
97	78
46	73
68	73
83	67
90	67
72	73
86	67
71	73
93	73
88	73
62	67
96	73
95	67
90	78
95	53
57	73
92	73
89	73
78	73
91	73
64	67
100	73
73	73
87	67
86	73
87	80
74	73
87	67
90	60
98	83
86	53
92	73
99	73
63	73
89	78
96	73
88	53
100	73
71	73
83	73
92	73
86	73
92	73
70	73
100	73
89	73
70	53
91	83
96	73
97	73
97	60
88	83
78	80
85	60
89	67
90	73
91	80
87	60
94	73
85	73
71	67
56	73
93	60
94	80
87	73
86	58
83	67
97	73
90	73
83	73
83	67
100	60
100	80
90	73
47	73
66	73
13	73
93	73
88	67
98	58
86	73
56	33
94	67
94	73
93	78
97	78
63	83
94	73
89	58
90	53
91	73
50	73
83	60
83	73
93	67
73	73
72	73
97	73
84	73
83	73
59	73
94	58
94	73
93	53
93	60
93	73
78	60
97	80
98	73
72	58
56	73
85	73
100	73
89	83
62	80
88	73
66	73
78	73
62	53
55	73
83	60
86	73
93	53
21	73
88	60
21	73
91	73
85	67
47	83
71	73
93	67
78	73
98	73
83	60
96	73
99	78
97	73
94	73
73	73
94	73
95	67
94	67
63	73
66	73
64	67
90	73
90	73
94	67
98	50
72	58
99	73
100	78
85	67
46	73
93	73
100	73
95	73
91	73
72	60
40	73
89	73
90	73
83	73
95	67
93	67
65	73
83	73
83	73
88	78
67	73
90	53
86	80
42	73
80	67
86	83
99	83
88	67
89	67
71	83
84	53
56	73
46	73
95	73
90	80
90	58
94	73
63	83
86	67
86	73
98	58
88	53
86	73
93	60
26	58
95	67
99	73
56	67
95	60
96	73
82	73
95	67
85	67
56	58
88	78
91	60
91	73
86	58
83	83
89	67
69	73
96	73
99	60
88	83
61	89
36	73
56	73
88	80
42	50
86	73
85	58
83	53
83	67
14	58
93	60
83	73
50	73
88	73
83	73
83	73
88	60
78	73
89	73
72	53
100	73
95	73
86	73
85	73
86	73
94	73
98	67
89	67
98	33
72	73
86	73
91	67
100	73
96	83
99	80
91	67
92	80
72	73
97	53
92	73
96	78
93	73
97	73
99	73
79	73
66	73
94	73
69	73
86	73
56	73
94	60
88	67
99	73
84	73
51	73
89	60
83	60
78	73
83	73
95	60
100	58
63	58
91	73
100	73
95	58
99	58
56	73
86	42
83	67
73	73
87	60
46	73
61	58
96	83
93	73
90	73
94	67
86	73
95	67
97	80
83	73
82	67
44	60
90	78
100	73
83	60
83	73
78	73
99	73
87	50
71	73
94	53
85	73
11	67
56	58
95	73
66	73
91	67
98	73
72	78
72	67
66	73
98	83
73	73
91	67
83	67
63	78
61	73
13	83
89	73
56	83
90	83
99	53
88	83
100	53
88	83
71	58
87	67
30	80
14	58
72	67
90	83
88	73
86	78
83	53
97	58
91	73
87	80
72	67
93	60
89	67
67	73
91	73
97	80
91	73
85	73
98	67
91	67
92	67
96	73
78	73
90	73
61	67
85	73
83	58
46	73
91	73
91	73
78	73
55	73
83	53
89	58
56	73
86	67
98	73
86	60
99	73
86	73
93	60
100	73
91	73
85	73
64	80
91	67
51	58
83	67
92	73
94	73
83	73
83	67
89	73
92	73
98	80
34	73
96	83
85	73
86	73
86	53
75	67
98	73
87	73
76	60
86	83
94	60
86	73
99	67
83	78
93	83
72	83
90	60
94	73
90	78
72	83
53	73
72	83
63	83
56	73
80	73
86	53
95	80
91	67
91	73
99	73
86	73
89	73
18	73
92	73
94	73
93	78
100	67
72	67
89	67
88	67
87	67
56	73
83	80
26	67
97	80
93	53
89	73
66	67
44	60
88	83
95	73
96	67
93	60
63	80
85	60
90	67
51	58
86	58
88	73
83	83
89	73
86	73
94	73
87	67
30	83
56	53
83	33
94	67
99	73
93	67
83	67
86	73
90	67
83	73
89	58
97	73
89	73
16	73
86	73
85	67
83	67
86	73
97	73
90	33
99	73
86	67
89	73
83	73
87	58
89	73
18	73
96	73
93	67
98	58
95	53
66	73
83	73
89	73
100	73
83	83
89	60
72	53
85	73
87	67
99	80
85	73
86	73
85	60
76	73
70	73
78	73
89	83
91	67
86	53
56	50
84	80
78	73
83	80
87	73
95	80
95	73
56	67
83	73
13	83
26	67
53	67
83	73
56	73
99	73
86	73
83	73
73	73
85	73
85	67
93	60
95	67
96	80
34	73
64	73
86	73
94	53
72	58
63	73
90	73
88	83
94	67
89	83
98	73
97	33
40	58
83	67
93	53
93	73
83	80
88	67
63	83
59	53
85	73
63	78
55	67
86	73
78	73
86	67
97	73
86	73
88	60
92	67
83	73
53	73
65	73
78	83
64	67
86	73
85	67
92	73
90	73
98	67
93	73
87	78
90	73
22	72
95	73
63	83
100	60
94	83
88	60
98	58
89	67
97	60
100	53
56	73
83	60
92	73
95	73
63	72
94	89
72	73
91	73
94	73
100	60
87	67
94	73
14	58
85	78
99	58
83	73
99	60
51	60
98	73
83	67
56	80
86	73
85	73
56	60
83	67
20	60
9	60
87	67
92	67
96	73
97	73
91	83
87	73
87	60
95	73
87	73
86	42
95	53
91	80
87	67
83	73
19	50
84	53
94	80
92	73
83	73
69	50
93	67
42	50
56	73
56	73
86	67
98	73
92	83
83	73
85	73
95	58
86	73
86	67
86	73
85	58
87	67
98	60
94	73
72	83
94	67
85	73
92	42
97	67
86	73
67	73
99	73
91	58
70	53
92	67
89	73
94	73
86	73
86	73
89	73
73	80
93	67
91	60
32	73
90	78
22	73
95	53
90	58
66	60
73	67
97	53
59	67
60	73
90	73
84	73
98	67
92	67
91	53
98	80
86	67
93	73
89	53
100	67
90	73
90	60
84	73
46	73
87	80
51	73
87	83
92	67
94	73
91	73
72	73
72	67
27	73
87	73
94	67
96	73
83	53
85	73
83	73
93	73
78	73
90	80
91	73
83	73
57	80
90	73
89	67
94	53
94	73
98	73
85	60
83	73
59	80
92	73
97	67
95	83
57	80
85	73
95	67
96	58
89	60
86	73
92	73
99	67
98	58
83	73
83	78
93	73
98	58
89	73
85	60
56	67
28	60
86	58
85	73
65	73
83	53
64	67
83	73
88	67
89	73
99	83
62	58
73	73
91	67
100	73
63	83
72	67
11	67
26	67
13	73
92	73
91	58
98	78
83	80
88	80
46	60
92	73
96	73
85	67
66	73
85	73
98	73
72	60
86	67
34	73
87	80
89	83
90	73
92	73
85	67
83	60
70	83
87	83
91	73
97	89
87	73
86	73
88	67
87	80
91	73
84	53
89	73
90	73
88	73
96	50
99	73
72	73
86	73
66	73
91	58
83	53
86	67
83	83
90	73
32	73
72	53
98	60
85	80
95	73
87	83
25	67
31	73
94	73
86	42
94	67
89	58
83	73
88	80
91	58
46	58
100	58
63	73
91	73
97	83
56	73
87	73
63	78
85	73
83	73
90	33
78	83
98	50
85	73
94	53
90	73
86	73
96	80
87	73
56	73
86	80
59	60
89	73
90	67
85	58
78	83
89	73
88	50
90	33
90	73
85	73
11	67
83	78
73	73
96	73
56	73
56	58
88	53
99	83
100	73
91	67
63	60
61	73
83	80
92	58
83	67
93	73
88	73
95	67
19	80
90	73
87	58
83	73
86	73
85	73
86	80
32	83
86	73
99	73
86	73
63	73
78	73
83	67
88	67
83	80
98	67
87	78
90	73
83	73
98	73
92	73
83	73
90	67
87	73
92	73
100	73
96	60
88	73
96	67
95	67
83	73
95	60
93	73
88	50
96	67
78	73
83	73
90	73
96	67
13	73
90	53
86	73
98	67
56	42
97	58
71	67
94	73
83	73
72	58
86	67
63	58
94	73
97	58
85	73
63	83
83	58
87	83
99	73
71	73
83	60
56	33
85	73
83	67
88	60
65	80
99	60
98	67
61	67
85	67
66	73
90	83
93	67
95	73
100	67
89	67
36	73
84	80
46	58
95	67
83	83
70	83
78	73
95	67
83	73
72	50
86	80
89	80
91	67
100	73
86	67
92	73
99	83
97	73
18	73
89	53
84	73
93	73
89	78
85	73
91	73
90	78
56	73
97	73
61	67
72	78
87	73
96	73
93	73
94	60
65	73
94	53
86	53
18	73
100	53
100	80
86	80
67	67
91	73
93	73
93	67
83	73
86	73
72	73
90	53
89	60
87	60
85	73
94	73
92	67
63	60
84	73
78	67
84	73
89	73
73	73
93	80
87	67
85	73
86	60
85	73
88	73
87	67
95	73
84	73
86	53
98	58
85	78
83	73
66	73
72	73
86	80
86	80
92	73
88	73
85	67
86	73
87	73
90	73
83	73
82	73
97	73
91	80
92	73
93	67
91	73
56	73
86	73
97	73
83	67
94	60
97	73
98	58
60	73
60	73
91	83
83	73
60	83
91	67
99	73
86	89
97	73
100	53
87	73
88	80
94	60
67	73
88	67
66	67
55	73
96	83
93	67
69	73
99	73
100	67
87	60
83	73
97	73
86	80
90	73
83	73
61	73
83	73
86	60
65	83
93	73
78	73
26	78
88	67
90	67
89	80
100	67
95	73
83	73
83	73
97	73
90	73
83	67
88	73
83	73
51	60
56	73
97	83
88	53
83	73
91	83
87	50
54	33
85	73
70	53
56	73
94	73
97	60
100	73
56	73
85	67
100	73
92	73
94	67
97	80
78	60
13	73
93	67
93	78
92	50
51	73
85	73
93	53
92	73
91	67
87	83
66	73
92	73
89	60
42	67
83	83
56	58
59	73
94	78
56	73
92	73
8	73
78	73
88	60
72	78
98	58
85	73
98	80
87	73
63	73
83	67
86	73
93	67
95	73
97	73
100	73
56	73
86	67
92	73
90	73
83	73
100	53
91	73
98	53
87	53
66	78
100	80
56	73
40	60
86	73
96	73
46	67
91	73
72	73
66	73
91	80
98	80
94	67
63	73
83	73
100	50
72	60
85	73
88	60
72	73
92	73
28	67
83	58
92	73
90	73
99	73
95	83
19	50
97	67
93	78
97	73
53	73
91	73
94	73
89	73
11	67
47	83
83	73
46	58
92	73
94	67
89	73
100	73
72	67
68	73
90	67
78	73
83	73
93	83
83	67
90	73
90	67
92	67
99	67
93	60
83	80
83	67
87	73
99	73
97	73
56	50
22	72
94	67
90	67
88	67
34	73
88	67
83	83
92	67
68	53
90	67
87	58
83	67
90	67
100	80
90	73
97	73
85	73
93	67
87	60
98	60
86	73
88	73
91	58
40	73
56	67
93	73
83	73
61	89
92	53
87	73
97	67
56	58
84	73
89	73
78	73
83	67
89	60
56	73
63	83
90	67
99	83
99	80
75	80
73	73
85	73
93	60
98	83
79	73
86	73
60	73
59	73
93	73
85	67
89	73
92	67
89	53
83	78
88	60
66	73
83	73
59	60
47	80
100	67
88	60
86	73
66	73
56	73
83	67
39	67
54	73
99	73
94	83
87	67
92	73
62	83
83	73
86	80
97	73
56	73
97	73
72	73
73	60
70	73
61	73
94	73
92	67
75	67
95	73
90	73
99	67
85	73
72	67
83	73
95	58
88	67
87	73
89	33
32	73
89	78
85	50
70	53
87	50
83	73
95	73
94	67
35	73
84	73
97	60
59	67
99	73
85	83
98	67
88	73
97	73
63	73
97	58
17	67
88	83
83	80
83	73
98	60
97	80
93	73
100	80
89	73
86	73
90	67
96	83
51	73
92	73
89	73
91	73
96	73
100	73
92	73
93	58
85	73
83	67
100	73
98	80
70	73
100	67
83	73
42	67
96	78
90	73
86	73
78	73
36	73
95	53
97	67
54	73
72	73
71	53
83	83
32	73
99	67
99	73
99	80
62	73
77	67
87	73
99	67
86	80
86	73
87	78
78	73
61	67
67	50
92	73
92	73
86	73
82	73
78	73
93	83
86	73
53	67
83	73
73	73
42	73
87	78
86	73
98	80
87	73
83	73
86	60
56	73
91	73
95	80
80	73
90	83
94	67
84	73
72	73
44	73
56	73
97	73
69	78
90	73
91	80
92	83
97	73
87	67
91	67
87	73
97	58
83	78
86	73
94	67
98	67
71	78
92	67
90	80
93	60
100	53
92	73
90	80
53	78
34	73
94	67
98	73
86	60
70	60
96	83
89	73
90	67
88	73
86	73
78	80
99	53
91	73
90	83
57	78
84	73
95	53
89	73
90	67
88	78
66	58
72	53
93	67
85	67
34	73
97	67
99	73
100	73
90	73
91	83
86	67
91	83
96	58
97	73
53	78
87	50
78	60
91	53
86	73
83	73
86	73
72	83
86	60
89	73
92	73
83	73
86	73
94	83
70	67
90	73
70	83
91	80
70	73
83	78
76	73
100	73
85	67
86	53
51	80
98	73
28	67
93	67
83	73
34	83
73	73
28	60
97	67
7	73
98	73
42	73
86	53
90	83
76	73
94	73
99	73
72	73
91	80
87	73
56	73
99	53
56	50
85	73
74	73
88	73
96	83
75	73
70	73
85	73
95	67
96	58
83	83
83	73
97	67
86	67
89	73
72	73
100	73
88	73
88	83
86	73
90	73
92	73
83	73
97	73
78	67
94	73
94	67
91	73
91	89
83	73
97	53
72	83
89	53
12	67
85	73
91	67
87	73
95	73
71	73
86	73
86	78
95	80
65	73
91	73
91	73
56	73
98	78
51	60
99	73
73	80
30	73
85	73
93	73
89	73
88	73
56	67
83	78
89	78
86	73
67	73
56	73
78	73
67	73
91	73
86	73
94	83
97	73
91	73
86	67
63	73
71	67
28	60
16	73
27	73
72	73
48	83
88	83
98	58
92	73
94	42
34	83
17	67
74	67
93	73
73	67
89	80
87	73
93	73
86	73
95	67
56	80
10	60
85	73
99	73
63	73
47	53
86	73
83	67
59	67
67	73
83	73
87	67
95	60
86	73
89	73
85	73
90	67
94	67
92	73
90	80
73	80
89	73
83	78
83	73
88	80
83	53
95	73
72	73
97	73
83	67
92	53
88	73
86	73
93	67
75	67
100	73
73	73
83	73
86	80
78	73
89	60
98	78
88	83
84	53
85	73
86	73
86	73
95	73
85	73
91	83
66	73
27	73
55	83
96	53
94	80
85	73
87	73
82	73
87	83
88	67
56	80
93	78
18	73
89	67
78	67
83	67
67	73
93	67
100	67
91	80
100	53
72	67
96	60
92	67
98	73
90	73
98	73
90	73
87	73
71	73
56	33
96	73
78	83
63	67
83	73
90	78
95	60
72	67
56	73
83	67
51	73
90	73
73	73
70	80
85	83
100	80
95	67
84	78
91	83
46	73
88	60
72	67
13	73
85	58
83	60
95	73
56	73
91	80
97	67
91	73
88	73
85	67
72	53
87	73
83	83
74	67
83	83
76	60
86	67
98	83
83	73
78	73
100	73
91	67
55	73
12	89
95	78
78	73
97	80
88	67
93	60
66	73
12	80
91	78
80	73
83	72
86	73
90	73
93	73
86	67
43	67
72	53
99	67
78	73
97	73
70	73
98	73
85	73
86	73
90	80
96	73
44	73
90	73
90	73
88	83
90	73
86	73
86	73
13	73
51	73
52	58
56	83
51	53
83	58
97	67
24	73
97	73
96	67
93	73
99	73
89	67
83	67
99	73
100	58
91	83
56	73
72	67
63	60
90	60
100	67
90	78
96	73
100	73
34	73
97	58
100	67
71	73
98	78
18	73
63	73
53	67
99	73
56	73
86	73
86	67
90	73
93	67
57	83
85	58
72	58
83	78
86	73
89	60
56	73
90	73
86	53
100	80
83	53
85	73
94	89
86	80
91	80
88	60
93	67
64	67
92	83
71	73
100	73
87	60
100	53
72	60
94	73
80	73
51	78
91	60
85	60
43	53
91	60
83	73
72	67
88	73
48	60
86	73
88	67
88	67
78	58
80	50
63	73
96	73
56	67
89	73
93	78
46	73
92	73
94	80
83	53
98	73
83	73
89	73
89	58
43	67
90	60
83	73
88	83
92	73
100	67
88	80
83	73
26	67
32	73
86	73
28	60
72	89
93	73
63	67
99	60
11	67
92	73
69	83
86	53
13	83
16	53
95	67
99	73
100	67
97	58
93	83
99	60
90	78
100	73
86	73
100	73
36	73
96	80
93	53
89	73
16	73
75	80
97	67
92	73
89	73
100	73
99	83
88	73
86	73
83	73
10	60
94	73
56	73
99	73
94	42
72	50
88	80
71	73
78	83
89	73
21	58
72	83
56	73
89	67
92	78
83	73
86	73
96	78
89	67
86	67
88	73
94	73
89	78
99	67
85	73
72	67
86	67
94	73
99	73
87	60
85	83
85	58
91	73
90	73
83	53
86	73
63	73
56	50
87	73
89	58
85	78
72	73
78	73
60	73
56	73
94	53
86	73
92	73
85	78
95	83
72	67
88	67
93	73
85	60
98	58
83	67
91	53
96	50
89	60
97	73
84	58
78	73
93	78
96	73
56	73
90	73
72	73
63	80
62	53
87	73
99	83
87	73
98	58
56	60
91	73
90	73
83	53
97	73
84	73
94	67
56	83
100	73
86	73
57	83
97	67
83	73
94	83
16	53
85	73
92	73
99	58
89	67
63	53
87	67
78	60
89	73
93	67
11	67
75	67
78	73
90	78
90	73
70	67
96	60
87	78
97	73
100	60
91	73
89	73
83	73
86	60
90	89
97	58
65	42
94	60
100	67
86	53
99	73
46	73
88	73
95	60
51	73
86	80
56	73
69	89
98	53
90	73
90	53
83	53
82	73
72	53
83	73
88	78
91	89
85	73
94	67
85	73
85	73
97	67
67	73
53	73
86	73
63	67
95	73
83	67
87	80
92	80
86	80
99	80
76	73
7	73
91	73
65	73
99	73
98	83
77	73
91	67
63	73
55	73
87	67
88	60
96	73
83	67
97	67
94	67
63	73
83	73
85	78
83	53
92	73
91	73
56	73
89	73
88	73
98	67
96	83
67	73
67	73
86	80
88	73
91	73
78	73
97	50
50	73
92	73
86	83
83	73
99	73
93	67
85	60
83	73
63	67
100	73
97	60
43	67
85	67
70	67
94	73
96	67
86	53
8	83
85	73
91	73
43	53
92	67
94	73
92	73
83	73
89	73
93	33
85	73
98	60
89	73
72	83
83	73
87	50
61	67
66	73
78	73
72	73
100	73
56	53
93	73
78	73
94	42
88	83
56	73
83	67
98	78
63	80
93	73
89	67
71	73
72	73
83	73
89	80
96	78
94	73
84	80
99	58
85	73
83	73
86	78
91	73
83	72
91	73
90	80
70	67
85	73
86	73
94	67
89	67
70	73
87	67
99	67
97	73
61	83
90	83
97	58
72	58
97	73
100	73
97	67
94	73
56	73
92	73
72	58
50	73
85	42
16	53
92	73
34	73
78	67
89	73
56	60
83	73
94	89
72	67
87	67
60	83
85	73
70	53
86	73
62	67
61	78
71	73
94	80
93	73
95	73
85	73
83	67
96	80
83	53
99	73
70	80
85	73
97	73
86	83
72	67
90	78
9	73
83	53
57	73
72	58
93	58
83	73
92	53
93	83
88	73
90	67
97	78
83	67
90	80
91	78
93	73
72	78
100	73
78	60
93	67
70	83
88	67
65	67
90	73
85	67
90	53
56	73
72	83
73	73
85	73
89	73
89	73
88	67
80	73
83	73
86	80
97	67
86	73
65	73
83	73
83	73
85	73
99	73
86	67
90	67
88	83
90	73
56	73
99	67
100	67
92	53
98	73
87	78
92	67
85	73
83	73
87	73
83	58
86	73
97	80
87	67
85	67
70	67
71	50
79	73
95	89
60	73
89	67
84	73
90	73
8	67
66	53
63	53
83	73
88	83
91	73
44	73
56	83
55	67
89	73
94	42
99	80
95	73
98	73
91	80
97	73
89	73
42	50
89	73
99	73
85	73
89	73
88	73
90	67
100	53
96	73
72	73
90	80
42	73
83	73
85	73
32	67
92	53
93	73
98	67
90	73
86	73
92	73
84	78
96	83
70	73
78	60
12	67
94	67
98	73
89	73
54	33
91	60
92	73
86	73
85	78
88	67
83	67
80	73
84	73
21	78
86	73
83	73
69	73
67	73
46	72
93	73
99	83
86	73
88	73
98	80
90	80
86	80
93	73
83	73
97	73
83	73
92	73
62	80
89	67
96	83
99	83
98	60
90	67
83	53
86	73
100	73
100	73
93	73
93	73
86	73
93	58
83	83
100	53
36	73
100	80
95	73
97	73
90	67
83	73
79	73
98	83
94	73
46	60
99	67
92	53
100	73
91	73
98	80
91	67
87	67
87	67
91	83
97	80
91	67
93	60
99	73
83	73
87	80
97	73
100	73
89	73
93	67
73	73
69	50
91	67
94	73
83	78
67	73
85	83
30	80
46	72
89	80
21	73
100	73
78	73
62	80
86	73
95	73
91	67
96	73
85	67
94	53
90	60
92	73
95	73
69	89
93	80
46	60
99	60
87	67
40	73
93	67
88	83
94	67
99	73
93	83
85	73
85	67
56	67
53	73
99	73
91	58
61	58
89	73
28	83
70	80
62	58
93	73
99	67
91	73
87	80
35	53
56	73
99	73
83	73
72	58
86	80
100	53
56	67
92	53
98	42
46	73
95	83
72	73
85	73
88	80
89	73
91	73
97	73
67	73
87	67
90	67
90	73
96	73
88	60
89	67
78	73
85	73
93	78
98	50
86	73
98	78
87	80
93	53
99	67
83	73
83	73
86	67
86	73
83	73
72	78
32	73
94	67
100	73
46	67
89	53
56	50
85	73
26	67
98	60
86	60
85	73
96	73
83	80
78	83
97	73
31	73
89	60
96	73
85	73
95	53
56	73
83	73
57	73
83	73
87	73
63	80
86	53
87	67
72	73
91	73
83	67
100	73
88	73
96	53
90	73
83	78
72	58
71	73
87	73
88	73
97	73
63	73
98	73
73	73
90	67
97	73
86	67
88	67
72	60
96	73
43	53
97	73
34	73
85	73
63	67
61	80
86	60
100	73
92	73
72	73
89	83
34	60
85	73
39	73
65	73
91	80
67	83
56	67
71	33
88	73
89	80
83	73
83	67
74	73
87	89
94	67
88	73
73	67
21	73
98	60
70	67
66	73
95	60
93	60
83	60
72	78
85	83
90	73
94	73
94	73
85	53
93	73
90	80
93	73
97	73
95	80
56	67
83	73
8	83
85	60
87	80
83	73
85	73
35	53
91	78
87	73
97	60
86	80
65	73
98	58
35	73
89	53
95	73
94	67
83	73
97	60
88	78
78	73
83	73
100	67
83	58
100	73
88	73
93	73
72	53
60	73
78	80
63	83
88	73
65	73
88	83
90	73
99	73
56	73
89	83
91	73
86	60
90	80
39	67
67	73
90	83
94	73
93	58
87	80
86	73
57	58
88	58
92	73
86	73
92	73
86	73
56	50
80	73
89	73
36	73
94	83
88	78
24	73
94	73
92	67
85	53
56	80
90	80
89	58
85	73
94	67
85	73
86	83
97	67
89	67
96	53
86	67
59	73
84	73
78	60
95	67
94	50
83	78
97	58
18	73
91	67
87	73
85	80
72	73
85	73
83	67
83	73
91	67
89	33
8	67
86	73
90	73
95	60
86	73
40	73
86	73
44	60
83	78
92	67
63	83
88	67
90	78
63	60
88	78
87	67
85	73
56	83
92	73
57	73
93	73
94	53
51	80
88	73
90	60
60	80
83	73
95	58
85	60
88	73
85	73
83	60
85	73
86	73
94	73
88	83
61	58
99	80
98	58
99	73
97	80
89	67
100	73
88	80
87	80
93	78
85	73
83	73
85	73
72	73
100	73
88	73
86	78
85	58
8	60
86	67
95	67
69	73
93	67
61	58
83	73
85	78
93	80
86	73
61	67
83	73
92	67
50	73
72	53
69	73
91	78
86	67
72	67
63	60
80	67
99	73
92	83
73	73
84	67
61	67
56	73
88	78
94	67
100	53
93	73
92	73
99	60
61	83
30	83
72	73
57	73
86	73
86	73
92	73
93	83
88	73
97	78
56	53
72	73
95	67
93	67
57	58
88	73
90	73
87	78
93	60
46	73
89	33
70	67
93	58
86	67
83	73
56	80
52	83
89	73
96	67
96	78
87	83
85	83
86	67
85	73
99	73
28	73
38	73
72	73
66	73
56	73
91	73
97	80
86	67
36	73
73	73
85	73
63	58
93	53
79	73
100	73
93	67
86	73
50	73
88	73
97	58
89	58
93	58
95	53
90	60
90	73
86	73
63	67
83	73
95	60
100	58
70	67
97	73
100	73
95	60
91	73
72	83
26	67
94	67
55	73
67	73
97	73
83	33
56	73
34	73
97	73
93	53
97	67
98	53
78	73
90	73
94	73
88	73
56	73
86	73
90	78
92	73
63	67
100	73
85	78
99	73
86	67
91	73
99	60
85	73
56	80
75	73
56	60
56	73
63	73
73	73
78	80
97	73
93	60
86	73
86	67
83	73
73	80
95	73
75	67
66	67
53	78
67	67
91	60
64	73
83	58
67	73
94	67
94	67
99	73
100	80
86	58
85	73
94	67
100	73
66	73
99	73
97	58
46	73
73	80
92	73
89	73
100	73
100	53
78	73
87	80
92	83
83	60
67	73
87	67
13	73
88	73
32	73
63	67
99	67
83	73
61	83
46	73
97	73
46	60
92	83
89	73
97	73
95	67
59	60
76	73
83	67
98	67
83	67
86	73
18	73
100	53
91	73
46	67
89	73
88	73
65	73
95	67
87	58
98	73
83	53
83	67
93	73
100	67
86	73
94	73
63	60
93	53
94	73
91	73
56	83
95	60
86	53
97	80
86	67
97	73
57	73
71	83
83	80
56	53
93	73
95	67
86	58
91	73
99	73
92	73
72	73
97	58
85	60
100	67
85	60
83	73
88	73
90	58
91	73
91	80
85	73
83	73
84	73
67	73
18	73
72	78
70	73
98	73
97	53
13	73
51	73
94	67
85	73
61	73
84	67
83	67
94	89
94	60
70	53
90	83
89	73
83	67
99	67
94	53
88	67
56	80
54	67
88	73
97	80
98	53
97	80
51	73
72	67
95	83
87	67
95	73
93	73
96	78
89	73
32	73
85	73
100	53
94	83
92	78
87	73
83	73
86	73
96	73
88	80
56	58
72	67
73	73
94	89
46	83
83	58
84	73
83	73
72	73
91	73
88	67
83	73
88	73
91	60
99	58
100	83
83	73
90	53
89	73
42	50
83	67
63	73
89	73
22	72
88	73
46	73
92	80
83	67
97	89
90	60
90	73
69	73
99	83
89	73
88	83
92	73
94	67
91	67
90	67
98	73
95	73
90	73
100	58
93	78
62	53
89	73
56	73
43	67
86	73
80	67
18	67
65	73
85	67
59	67
96	58
25	73
86	73
100	73
72	53
99	67
94	73
100	67
13	80
100	67
85	73
83	73
63	60
99	73
91	73
84	73
84	78
71	83
90	67
91	60
69	73
93	67
93	67
99	73
60	73
90	73
95	53
83	73
51	53
70	73
92	73
56	73
72	73
87	73
91	80
88	67
90	67
56	73
87	73
13	80
8	60
93	73
94	67
61	73
56	60
71	73
83	60
99	67
65	73
95	73
93	67
92	83
93	73
71	78
74	67
72	53
88	80
86	53
86	60
72	73
51	60
91	67
97	73
93	73
90	73
83	73
46	58
63	73
99	73
83	60
90	60
87	73
72	83
94	73
90	83
97	67
97	73
50	73
96	73
70	60
56	73
94	78
100	67
86	67
88	67
62	53
83	73
86	73
53	50
85	58
91	67
34	73
99	60
98	73
90	67
62	67
83	73
85	73
83	53
86	53
83	53
91	60
83	83
83	73
93	67
59	73
98	33
51	83
56	73
96	73
83	53
86	67
89	73
70	73
86	73
92	73
89	73
93	58
69	73
98	73
90	67
94	67
82	67
90	73
46	58
78	80
92	73
65	83
89	73
98	60
69	73
63	78
88	73
86	67
89	73
56	80
67	73
88	73
83	83
86	60
88	73
83	80
78	73
93	58
87	73
93	78
96	83
97	80
100	73
99	73
85	73
72	58
73	67
55	73
53	67
83	73
91	73
91	60
94	67
78	60
94	67
85	73
82	73
93	73
50	73
86	67
92	50
86	60
56	80
93	67
94	67
99	80
93	78
85	73
70	83
92	53
91	73
100	73
86	58
90	73
92	73
78	67
97	60
92	78
57	73
86	73
75	80
88	73
84	67
70	53
100	58
88	67
90	60
70	73
93	73
85	73
97	80
90	73
91	67
90	67
100	53
94	80
89	73
89	58
83	67
84	73
56	73
95	58
83	78
96	73
86	73
89	73
84	80
96	73
89	73
94	53
88	67
97	67
97	73
85	73
78	73
88	60
80	67
72	53
85	73
56	33
88	73
63	67
84	73
84	67
100	73
28	67
59	73
94	60
95	67
56	73
7	60
71	50
97	67
85	73
98	78
28	67
92	83
75	67
94	67
72	67
94	73
87	73
97	73
83	73
92	67
94	67
99	73
70	73
86	67
83	73
94	73
65	42
83	80
83	60
89	67
97	60
98	73
94	80
100	67
95	60
97	73
99	73
97	73
91	73
92	50
70	83
89	78
88	83
99	83
69	78
85	73
85	73
83	73
90	73
72	67
88	80
83	67
91	58
89	73
18	73
83	78
70	73
51	60
92	60
94	67
86	73
56	73
62	58
87	73
94	73
80	80
85	67
100	53
78	73
70	73
85	73
57	83
56	73
61	73
99	73
93	53
83	73
91	67
56	73
85	80
100	67
85	80
86	73
98	83
63	67
96	73
93	78
87	78
87	60
98	78
62	53
90	73
88	83
86	83
94	83
98	73
94	60
91	67
60	80
86	73
87	73
89	73
36	73
99	67
89	73
90	53
88	73
68	53
83	73
85	73
92	50
94	73
69	78
100	53
92	73
60	73
94	83
83	73
74	67
70	73
91	73
94	60
87	73
87	80
98	80
86	80
85	73
71	33
85	60
95	60
91	73
83	73
91	83
98	73
83	78
63	67
83	67
51	60
32	67
63	58
91	73
94	67
92	80
95	73
12	67
26	67
85	53
63	80
32	58
84	78
93	73
84	73
100	67
83	53
53	78
65	83
98	78
97	42
86	67
67	73
63	73
86	67
85	73
85	60
78	73
51	73
92	73
85	73
100	73
94	67
93	83
95	73
83	73
96	83
91	73
88	67
97	73
94	83
56	58
83	73
62	53
83	58
98	73
89	67
99	58
51	73
70	73
56	73
87	67
84	67
92	89
97	73
86	80
95	73
100	53
71	83
55	73
94	73
91	73
93	33
96	80
72	73
100	73
26	67
32	67
92	53
84	73
97	73
94	78
27	73
87	73
85	73
91	73
99	60
88	67
72	83
86	60
89	78
93	67
83	73
96	73
91	73
88	60
91	60
78	73
68	53
56	73
99	73
59	73
61	73
72	67
97	67
88	73
86	73
83	78
56	83
13	83
83	73
96	73
92	73
72	78
97	67
96	73
100	78
94	78
50	83
88	83
100	58
67	73
91	73
90	53
73	73
88	73
93	73
63	83
68	53
89	73
56	80
85	73
97	73
96	73
91	58
91	73
69	73
97	73
89	73
93	78
91	60
99	89
69	73
89	73
83	73
95	73
91	73
91	73
100	60
86	73
83	83
98	80
98	60
92	73
94	73
85	83
67	73
98	73
32	73
72	58
97	73
88	67
72	58
93	73
88	58
90	78
12	80
86	67
86	73
100	73
56	80
96	73
91	67
56	73
73	73
46	73
78	67
64	73
93	53
47	83
66	73
84	73
85	67
89	53
85	73
76	60
83	67
66	67
88	67
86	73
91	73
83	73
97	73
92	67
86	73
99	60
99	67
94	83
80	73
73	73
99	73
98	80
93	73
72	58
94	73
56	73
63	73
83	73
86	83
90	73
72	73
72	67
86	73
51	83
93	67
63	60
92	67
21	78
72	83
92	73
85	78
43	67
56	73
100	53
97	80
56	73
86	67
93	73
27	73
72	73
87	73
89	73
100	73
99	60
28	67
93	67
66	73
93	73
86	73
78	73
93	83
91	73
83	73
88	60
92	80
43	73
62	53
86	67
94	53
88	73
83	73
99	83
86	60
86	73
89	80
83	73
99	73
70	60
67	83
80	73
71	50
87	73
90	73
93	67
83	73
45	67
88	67
92	83
91	73
86	73
100	73
70	67
85	80
90	67
86	73
86	73
72	58
56	73
86	73
85	73
89	67
90	73
62	80
90	73
86	58
84	73
91	73
86	33
83	73
91	73
96	73
83	53
55	73
90	73
89	67
66	73
93	73
40	73
90	67
86	73
83	80
87	80
83	73
90	73
93	67
78	83
88	83
46	73
98	73
96	58
90	60
86	73
32	73
85	73
88	73
90	67
9	73
66	73
66	67
86	67
96	73
92	73
70	67
61	83
70	73
89	73
86	73
93	60
7	73
95	73
88	67
100	80
92	89
51	73
56	67
94	42
57	73
99	83
95	73
97	73
83	73
83	67
83	73
100	73
72	67
56	58
84	73
95	73
76	73
99	73
66	73
91	73
34	73
96	73
83	73
78	73
57	73
96	58
90	58
83	73
83	67
86	67
99	73
86	73
46	58
98	60
98	58
97	67
86	73
90	73
78	73
71	73
87	58
97	67
85	80
63	67
73	73
83	73
90	73
94	67
91	73
89	67
59	67
88	60
89	78
83	58
32	73
90	73
85	67
90	73
90	53
89	78
89	58
90	67
63	73
83	78
86	67
98	60
100	53
91	67
72	53
66	73
92	73
93	53
97	80
86	67
99	73
95	53
13	72
73	73
94	67
94	67
99	67
78	42
63	78
93	73
12	73
97	80
90	73
97	73
89	80
78	83
56	83
79	73
86	73
94	67
93	73
93	60
31	73
86	60
88	83
48	58
82	67
90	73
72	73
83	73
69	50
56	73
86	67
83	53
90	73
47	80
55	83
86	60
85	73
88	73
83	78
83	60
92	80
63	73
94	73
88	73
80	73
83	73
30	67
73	73
100	67
89	67
93	73
100	73
93	67
98	58
88	73
99	80
99	73
88	73
90	80
93	80
86	53
88	73
83	80
72	83
93	83
56	73
94	67
86	67
71	73
72	80
14	58
83	73
63	78
67	73
14	58
56	73
72	73
90	78
93	73
97	42
97	73
94	73
87	83
70	73
56	73
85	73
70	83
83	73
89	73
92	58
86	73
83	73
91	80
79	73
94	60
83	73
56	50
72	83
86	73
83	53
86	73
99	80
26	67
99	67
56	73
90	33
21	73
74	73
86	67
72	67
94	89
97	67
70	73
100	67
85	73
83	78
56	73
94	67
100	67
88	73
74	73
57	58
90	80
100	73
85	80
88	73
90	53
83	60
93	53
86	73
88	73
98	73
91	67
72	67
67	73
88	72
66	73
97	58
91	67
85	60
85	73
93	67
65	73
83	73
91	73
95	83
94	73
91	73
98	78
88	73
72	73
13	83
20	80
87	80
43	53
94	67
87	60
72	89
85	67
63	67
70	67
89	73
80	50
56	73
86	73
85	80
55	73
89	73
98	58
96	73
88	80
56	73
67	73
95	73
78	67
72	53
56	50
87	67
98	67
83	50
72	67
85	60
85	73
91	73
30	73
91	53
100	60
90	83
48	60
98	73
76	73
84	67
86	73
65	73
72	73
78	73
95	53
91	60
78	73
99	83
91	73
63	53
48	67
60	73
100	73
97	73
92	73
83	53
93	60
47	53
72	67
51	73
97	67
83	58
42	73
98	73
63	80
80	73
89	73
93	67
85	67
34	73
98	73
83	73
20	60
85	60
95	80
90	73
63	53
85	67
99	58
97	73
100	73
94	89
78	60
94	73
83	73
48	67
86	60
90	53
89	73
95	73
63	73
78	73
99	80
84	73
90	73
90	53
28	60
100	73
88	67
78	73
98	67
91	60
70	73
85	42
88	83
96	73
56	67
92	83
83	73
83	73
88	73
69	78
56	73
85	73
86	73
69	50
96	73
64	67
98	83
85	67
72	73
72	53
80	73
78	73
94	53
92	73
66	73
72	73
96	73
17	67
70	73
86	83
85	73
97	73
13	78
51	83
95	73
96	50
94	73
91	73
95	73
78	80
28	83
94	60
92	73
85	67
68	53
92	89
86	73
89	73
95	73
87	73
83	73
96	67
99	60
40	73
86	73
99	80
16	73
90	78
95	73
99	80
94	53
21	73
71	78
51	73
56	73
99	73
94	67
46	73
96	73
83	53
51	73
78	73
85	60
50	73
95	73
28	60
88	80
94	73
89	80
63	73
91	83
83	73
97	73
88	73
94	73
51	53
93	67
72	73
83	73
83	73
46	73
88	60
97	73
94	78
92	73
34	60
79	73
85	67
94	80
60	73
93	60
98	73
85	67
100	67
85	73
22	72
90	73
87	67
100	73
51	78
89	73
93	67
90	83
56	58
83	67
90	67
84	53
85	83
56	73
73	73
86	73
78	73
94	67
98	73
91	67
99	58
86	60
83	80
88	73
94	60
94	73
59	73
94	78
92	73
91	73
86	73
93	67
83	33
71	83
83	83
72	73
93	67
83	53
34	73
86	73
72	53
84	67
85	67
56	73
63	73
21	73
89	83
100	73
85	73
100	67
79	73
46	58
63	67
83	53
98	67
46	73
89	67
97	73
78	73
67	73
90	73
90	60
97	78
22	67
93	80
63	73
86	80
98	60
59	67
30	80
97	50
83	73
97	58
85	60
88	73
51	67
89	73
86	73
94	67
86	73
90	73
98	80
77	67
72	58
85	73
91	60
86	73
72	80
83	73
93	73
69	73
56	73
73	73
94	67
100	67
72	73
84	78
88	83
85	60
88	73
93	60
83	83
86	60
83	73
93	53
91	67
93	78
27	73
21	73
40	60
85	73
93	83
96	73
92	73
94	73
98	73
100	73
66	73
86	73
95	73
72	73
85	73
94	73
93	67
84	73
56	73
89	60
97	67
86	73
97	73
56	73
88	67
93	73
88	73
91	73
95	73
72	67
94	53
83	53
53	73
83	58
22	73
51	53
88	73
90	73
88	67
84	73
56	73
98	73
99	58
98	80
90	67
85	73
85	67
56	83
89	73
83	73
89	67
83	80
85	73
90	78
72	73
83	80
83	67
83	80
87	60
78	73
89	73
86	60
65	73
55	83
83	73
13	73
98	67
46	73
56	67
60	67
56	60
90	60
83	73
72	73
61	80
99	83
97	67
89	80
86	73
90	80
56	73
92	83
70	73
96	50
94	67
91	73
96	60
94	53
100	73
99	73
89	58
34	73
84	73
86	67
83	73
86	80
95	53
87	89
99	67
87	67
83	73
84	80
92	53
56	73
98	73
98	42
62	73
90	73
93	60
73	67
90	67
86	83
74	73
8	67
83	89
75	67
92	73
95	58
89	73
96	67
86	80
72	83
83	67
83	33
57	80
87	89
70	73
93	73
91	73
59	67
98	58
87	73
86	73
85	73
83	53
72	67
46	73
90	53
66	73
93	78
46	83
86	73
78	73
78	73
84	73
85	73
86	73
94	60
95	73
90	83
93	78
93	73
59	73
94	50
98	73
94	78
46	58
92	73
51	80
85	73
56	73
83	80
93	73
91	73
90	60
99	73
83	72
78	58
86	73
97	73
100	73
83	73
65	83
84	73
88	67
85	67
99	73
86	83
91	73
91	67
89	73
94	73
84	73
88	60
86	73
89	67
92	73
66	73
90	73
46	60
83	73
100	73
96	73
99	67
83	73
56	83
54	67
88	73
91	60
83	73
72	73
97	42
98	73
56	58
56	50
73	73
99	73
90	73
97	67
78	73
47	67
83	78
87	73
73	73
86	73
97	73
100	42
91	73
86	73
93	73
98	67
85	60
93	60
98	67
89	53
91	83
85	58
90	89
99	73
86	73
93	67
71	73
91	67
18	73
83	80
56	73
78	73
65	42
91	67
89	80
92	73
86	83
91	73
100	73
95	73
44	73
87	80
99	83
85	67
57	80
91	73
55	53
87	60
83	73
56	53
90	78
89	58
42	73
46	60
100	73
92	73
68	67
96	58
97	73
77	67
86	67
63	80
80	67
99	67
87	67
97	73
100	73
83	73
97	73
83	73
90	58
89	73
99	67
92	67
86	73
92	73
100	80
78	73
83	67
21	73
16	53
63	73
93	60
94	78
87	80
88	80
66	53
83	67
91	60
90	58
43	67
100	73
99	73
92	73
85	78
95	73
66	58
83	67
9	73
96	53
88	73
94	73
99	73
85	73
87	67
85	58
42	73
90	53
98	73
92	73
43	67
90	67
83	73
93	67
47	73
95	73
80	73
88	83
70	73
93	73
99	73
90	73
78	80
94	67
90	67
88	60
86	67
46	73
8	60
92	73
97	73
83	73
90	73
94	60
89	73
91	53
97	73
98	60
94	73
99	73
88	73
86	73
89	80
99	73
86	33
90	60
24	73
95	83
84	53
92	50
70	73
83	60
83	73
96	73
89	58
78	80
90	73
88	67
86	73
69	73
97	73
89	73
83	67
73	73
91	83
97	73
86	73
83	58
96	73
83	58
93	80
62	73
65	73
69	73
100	78
95	73
99	73
97	60
89	33
89	73
85	80
83	73
87	80
28	60
97	73
46	60
83	73
98	60
89	73
83	83
70	72
65	73
56	67
91	60
90	60
97	60
90	67
40	73
94	67
100	73
83	60
95	83
72	67
94	67
91	67
95	89
88	73
83	73
56	50
83	73
60	80
40	58
91	67
88	73
89	73
91	60
72	50
71	67
86	89
61	73
83	58
92	73
95	67
83	73
100	73
89	58
71	58
57	73
94	73
83	60
95	60
88	80
86	80
93	67
85	73
56	83
83	78
86	73
70	72
88	73
66	73
70	53
56	53
100	67
84	53
86	83
88	67
92	73
100	67
97	73
90	73
59	73
93	73
91	73
97	67
78	73
91	73
95	73
89	73
86	73
77	73
56	58
88	73
8	67
93	53
99	83
93	73
100	53
65	42
100	73
54	73
100	42
86	73
92	73
99	73
72	60
100	67
91	80
36	73
92	58
85	73
85	67
91	73
60	73
72	73
70	73
83	53
100	73
92	83
99	83
89	80
94	67
50	83
59	73
91	83
85	67
87	67
86	73
98	80
100	73
93	67
86	73
83	83
92	73
85	89
86	73
93	53
99	73
98	73
100	80
86	67
56	60
69	73
89	60
96	78
86	73
97	80
86	53
98	33
93	60
86	67
56	73
46	72
94	67
55	83
91	67
90	73
95	73
72	73
94	60
65	73
71	73
100	73
95	73
92	67
87	60
34	83
63	73
70	73
85	73
93	53
72	73
78	80
88	60
87	53
96	67
83	67
56	58
94	83
99	67
90	83
61	67
86	73
51	78
55	83
98	80
97	73
86	73
89	67
66	80
85	83
18	73
86	83
96	73
89	73
59	53
90	73
51	78
86	73
91	73
89	58
98	80
83	73
88	80
73	73
88	73
98	67
86	73
93	58
72	78
91	53
83	80
72	53
83	73
51	73
71	73
71	73
26	67
72	67
90	73
90	73
66	80
87	53
97	80
100	73
72	80
91	67
90	73
99	73
98	67
86	67
88	73
100	73
89	73
92	80
98	60
88	67
86	73
87	78
95	67
73	73
61	53
92	78
95	73
94	80
86	73
83	50
85	83
14	73
77	73
83	73
56	67
87	78
70	67
94	60
86	73
99	73
90	67
90	67
91	60
50	73
92	73
93	73
96	73
70	67
99	67
83	73
83	58
89	83
94	80
91	80
97	73
83	73
34	73
68	73
92	83
92	73
92	73
83	73
78	67
63	67
36	73
70	83
84	73
93	67
96	73
82	67
90	58
99	80
64	53
86	73
87	73
83	73
92	67
46	73
99	83
55	73
85	73
89	53
30	73
42	50
97	73
98	67
93	53
97	73
94	67
91	58
90	67
78	73
99	67
90	83
72	73
78	83
87	73
100	60
78	60
83	60
93	80
46	58
89	83
72	73
86	80
99	67
91	53
99	73
90	73
86	67
97	73
92	73
94	73
83	73
60	73
83	58
60	67
99	67
72	67
66	53
67	73
90	67
94	60
86	58
97	73
88	53
100	53
53	78
86	60
43	67
85	73
86	67
96	67
83	73
97	73
95	73
85	73
97	60
92	53
12	73
59	73
100	73
86	60
88	73
95	67
85	67
98	67
86	80
85	73
99	73
92	73
100	67
93	58
91	89
83	58
93	67
46	73
59	67
93	60
88	80
94	83
83	83
83	73
99	73
86	73
26	67
80	67
98	73
98	80
98	73
72	73
85	60
96	73
28	83
28	73
87	78
47	73
92	53
73	73
85	58
34	83
88	67
85	42
84	58
53	78
84	53
85	83
97	73
89	73
83	67
61	73
90	33
72	67
86	73
99	73
99	67
99	83
72	73
94	73
73	73
88	53
46	73
93	73
100	53
56	80
85	73
63	73
98	67
98	42
63	72
84	67
95	67
91	80
47	73
96	67
85	73
34	73
83	67
72	78
99	67
21	73
56	73
78	73
70	53
92	73
92	73
46	58
90	73
96	73
88	73
94	73
72	73
86	73
76	67
86	67
94	73
78	60
96	83
72	73
90	67
86	67
90	60
85	67
88	67
72	53
56	60
72	73
92	67
92	67
86	73
97	67
96	73
87	80
100	73
86	67
56	73
84	73
94	89
86	73
71	73
65	73
94	58
93	73
98	80
86	73
75	73
34	60
18	83
89	67
99	53
92	60
100	67
75	73
56	73
88	73
100	73
95	73
97	67
19	80
71	67
86	67
28	67
83	73
78	60
93	73
70	67
95	67
85	58
93	73
89	83
88	67
72	67
85	60
98	78
89	58
91	73
85	73
88	67
90	73
72	73
98	60
94	78
73	73
87	67
97	73
85	67
91	73
78	73
91	73
90	67
63	73
83	53
100	73
88	73
100	53
67	73
62	73
85	73
91	58
92	73
66	73
98	73
75	73
18	73
78	60
100	58
93	53
93	78
91	73
86	60
87	73
88	67
94	67
92	73
83	73
94	83
97	73
86	73
92	73
8	60
94	67
96	73
27	73
93	67
95	67
63	53
63	73
78	73
83	73
96	58
89	73
62	58
94	73
51	60
62	73
92	80
86	80
32	73
89	67
83	67
98	73
66	73
99	80
56	73
99	73
86	80
56	53
91	67
83	53
73	73
70	73
99	83
86	73
72	83
72	53
85	58
56	73
83	78
93	67
72	73
72	73
83	80
56	73
100	73
83	73
71	67
78	67
89	73
83	73
83	73
69	73
85	73
92	73
73	73
99	73
89	67
94	73
30	67
83	67
86	73
85	67
89	73
91	58
94	73
63	53
100	80
87	60
90	73
91	73
97	73
94	67
85	73
87	60
93	73
97	80
85	67
63	73
72	78
90	78
99	78
97	73
91	73
83	73
78	73
83	58
87	73
96	73
56	80
83	73
94	73
100	73
51	83
99	78
85	58
78	67
69	78
61	67
88	73
67	73
96	73
69	73
100	53
86	73
93	73
78	60
86	67
97	80
12	89
94	73
86	60
94	58
88	67
83	78
88	73
69	50
91	73
83	67
100	73
95	60
86	73
85	89
89	58
63	83
87	78
100	67
26	67
94	53
85	58
72	67
56	58
9	60
100	53
94	73
98	67
83	67
98	67
88	67
92	60
43	67
91	73
98	73
91	73
56	73
100	53
87	73
91	73
93	73
72	67
86	58
51	73
83	67
86	80
36	73
83	78
28	60
90	58
56	73
19	50
85	73
85	89
89	78
24	53
63	73
53	73
100	83
93	73
35	73
100	73
89	73
78	73
97	67
95	60
72	73
89	73
98	78
83	73
88	83
66	73
99	83
86	78
93	60
98	67
99	67
96	80
46	60
93	73
87	60
75	67
66	73
46	73
87	53
18	73
63	58
98	80
85	73
83	73
95	73
59	73
90	89
88	78
83	60
69	73
71	73
94	80
85	73
12	73
73	67
100	58
91	67
100	67
99	83
93	60
89	73
94	80
88	73
70	53
92	73
100	73
63	67
97	73
86	73
40	73
56	73
63	83
99	53
94	73
91	53
86	73
83	53
83	80
97	73
93	60
72	73
57	73
97	53
34	73
96	73
28	83
99	73
44	73
19	83
99	83
56	73
86	73
42	53
90	73
51	78
86	73
97	73
99	67
60	67
91	73
97	83
87	73
92	50
86	73
87	73
89	73
83	67
92	83
95	67
93	58
86	73
63	67
99	73
86	73
97	80
90	73
86	60
92	67
69	73
95	73
72	67
85	73
97	73
88	67
98	73
97	67
85	73
51	73
89	33
72	78
99	83
90	80
66	73
83	73
89	73
50	73
94	73
56	73
86	67
100	67
66	80
83	58
91	73
95	67
93	73
93	67
90	78
64	73
94	83
78	73
98	83
94	73
51	73
62	83
98	80
78	60
32	83
72	73
74	67
83	80
66	58
88	73
98	73
98	73
46	60
8	73
95	67
93	67
88	73
93	83
92	53
8	60
87	89
96	50
90	73
92	83
90	67
72	78
97	73
97	67
74	73
92	73
83	67
85	73
92	73
78	58
72	73
72	80
90	60
78	73
87	67
86	80
85	67
88	73
56	73
96	80
64	67
64	67
93	67
34	73
67	73
83	73
86	73
83	50
100	67
86	60
93	73
83	73
83	73
83	73
24	73
57	73
95	67
86	58
85	60
97	73
78	73
45	67
89	73
36	73
93	60
86	73
63	83
83	73
92	73
91	60
83	80
100	73
96	83
26	67
88	73
51	58
88	83
70	83
94	53
83	73
100	73
67	58
100	67
83	67
96	78
89	73
100	73
80	80
92	73
86	78
93	73
91	73
95	83
94	73
92	80
95	67
86	80
91	73
46	67
93	58
93	60
97	67
88	73
83	78
99	53
98	60
93	73
71	67
18	73
83	73
56	73
83	73
93	67
86	73
95	53
92	67
95	53
86	73
52	83
95	60
86	73
93	73
100	58
92	73
83	80
78	60
59	73
100	78
100	73
83	83
85	60
99	83
86	73
92	53
85	73
93	67
92	73
88	83
87	73
86	73
46	73
85	80
86	73
83	60
95	53
94	73
94	73
86	73
98	60
83	53
86	73
56	80
85	80
78	73
91	73
96	58
78	73
85	60
100	53
99	73
43	67
88	60
92	73
78	73
92	73
91	73
90	67
83	67
86	73
72	73
92	80
89	73
85	73
91	73
83	80
83	78
92	73
99	67
56	73
46	72
72	73
56	73
56	73
91	73
67	73
96	83
18	73
98	73
72	58
88	50
100	53
83	80
92	73
100	73
30	83
13	78
86	67
63	72
91	73
88	67
56	73
99	60
87	80
87	73
87	73
46	73
83	67
90	73
99	80
69	60
86	73
93	73
88	67
63	53
89	73
84	78
95	73
97	60
88	73
94	60
95	73
99	58
88	80
88	80
94	60
86	73
94	67
93	73
85	67
83	83
100	73
89	78
56	73
70	67
63	80
91	73
91	73
88	67
83	73
89	73
21	73
83	83
57	78
83	73
83	80
87	73
86	60
93	60
100	73
93	50
92	73
87	67
87	73
94	83
86	73
87	73
46	72
54	73
99	67
94	73
97	73
99	73
93	73
86	67
39	67
78	83
43	53
86	73
40	58
67	58
83	73
71	73
83	73
98	73
63	73
90	78
91	53
72	73
70	83
88	73
99	73
78	73
94	60
89	80
87	80
99	73
86	78
72	73
95	53
86	60
85	53
18	67
71	53
85	73
87	67
90	80
92	83
99	73
93	67
52	73
80	67
68	73
63	73
87	73
40	73
91	73
78	73
86	80
46	60
94	80
70	60
90	60
83	60
86	67
83	72
18	67
98	67
78	73
91	80
91	73
79	73
85	83
92	89
96	80
88	73
98	73
92	58
88	73
99	83
90	67
56	73
86	73
86	58
98	67
93	53
96	67
47	53
90	73
72	83
97	73
83	67
98	42
27	73
78	73
62	73
94	73
100	53
78	73
86	73
67	73
85	73
88	73
67	73
96	67
86	73
98	73
97	73
32	67
95	73
78	42
91	67
88	73
78	73
46	60
90	60
62	80
46	58
85	78
83	83
93	67
83	67
88	73
92	67
86	73
72	50
91	73
100	73
99	67
90	73
72	73
56	58
86	67
83	73
24	73
90	73
95	73
90	73
96	67
83	67
85	58
75	73
89	73
90	73
94	60
63	73
98	53
94	67
88	67
86	73
72	73
93	73
97	80
94	80
83	58
51	58
90	73
27	73
83	73
71	73
66	73
87	73
100	58
95	73
34	73
88	73
92	67
97	73
87	73
70	67
13	83
86	80
93	67
83	73
89	58
86	67
94	67
34	83
86	73
88	83
42	53
90	73
70	72
92	67
87	60
86	58
61	73
56	73
90	67
73	73
83	73
88	60
91	83
87	73
95	73
42	50
86	83
63	67
100	73
85	67
80	73
84	80
56	73
91	80
66	73
88	60
56	73
87	73
78	83
91	73
83	73
94	73
95	53
32	83
92	73
83	67
66	73
95	60
28	83
56	83
95	67
70	67
72	53
95	67
72	73
92	73
78	73
85	73
99	73
27	73
61	73
96	73
87	67
71	73
99	58
89	73
72	73
91	73
96	73
93	83
89	80
85	58
86	73
73	67
100	73
63	83
91	73
43	53
86	83
39	73
100	73
39	73
91	73
86	73
86	67
88	73
86	73
99	67
85	67
89	83
97	73
89	80
30	83
89	60
83	80
99	80
91	73
83	67
78	73
96	67
93	58
95	60
92	73
86	78
94	80
83	67
61	80
89	67
99	58
70	73
80	67
99	73
83	73
95	67
83	73
18	73
89	73
97	80
97	73
63	67
95	73
89	67
75	67
83	73
43	67
93	73
96	73
96	53
89	60
52	73
42	50
99	67
97	73
83	73
97	73
94	73
99	67
86	58
92	73
83	73
63	67
100	73
94	67
85	67
85	53
88	73
88	73
90	73
88	67
92	83
67	73
87	60
95	73
85	73
86	73
56	78
83	83
87	67
94	53
87	60
78	73
56	60
83	73
93	67
27	73
60	73
92	73
83	73
95	73
86	53
72	60
92	80
95	67
86	80
90	67
100	42
67	73
89	58
97	73
21	73
91	67
97	73
85	67
83	58
100	73
85	67
91	73
83	73
92	73
86	83
85	58
93	60
96	73
14	58
87	67
89	73
61	80
51	73
86	67
60	73
97	67
97	73
91	73
86	83
46	73
70	60
56	58
56	67
90	73
21	73
56	73
90	73
86	73
97	73
84	80
92	73
91	73
57	73
86	67
97	67
90	60
42	73
61	78
99	67
50	73
83	73
87	73
99	53
94	73
62	73
87	80
95	83
100	73
63	83
90	60
67	78
83	50
96	58
72	78
97	58
83	78
93	73
93	73
93	73
93	58
94	78
100	60
89	53
46	73
85	73
98	73
72	53
65	73
72	83
88	53
93	60
63	72
72	83
78	60
98	67
51	73
63	67
66	53
75	73
50	73
95	73
93	67
85	73
90	73
100	73
72	73
92	73
83	73
86	73
93	73
24	73
91	73
83	53
73	73
92	78
89	73
94	73
72	78
66	73
83	73
86	73
86	73
78	83
89	53
86	73
51	78
85	80
72	78
74	73
97	60
94	53
88	73
97	67
87	73
83	67
93	73
86	80
71	58
90	58
83	78
56	58
27	73
83	67
85	83
94	73
43	67
91	67
94	83
88	73
89	78
