89	73
88	73
87	80
66	67
90	73
63	83
94	67
67	78
91	73
85	73
97	73
90	78
78	73
86	78
98	60
61	73
59	73
83	60
83	73
93	73
43	73
85	73
95	73
70	67
91	73
93	73
70	72
87	58
85	78
85	67
86	73
83	67
63	60
18	78
85	73
87	73
89	73
83	78
85	73
89	73
85	80
94	73
59	73
94	73
63	73
93	83
31	80
83	73
85	73
64	60
18	80
56	53
78	83
91	73
94	73
87	73
40	83
83	73
98	83
92	60
98	73
95	73
97	60
98	67
84	73
100	73
62	73
56	78
56	73
12	58
62	67
98	73
91	73
63	80
85	73
88	83
91	33
88	73
52	73
84	73
75	73
78	73
94	73
38	73
87	80
83	50
97	80
83	83
84	73
34	73
93	73
91	53
94	73
71	73
89	73
92	73
83	53
83	78
56	53
67	67
94	67
91	73
93	53
90	53
95	78
99	67
13	73
91	33
66	53
83	73
92	73
78	67
89	73
19	73
83	73
97	60
86	89
92	78
92	73
63	73
83	73
89	83
98	73
40	83
89	73
88	73
90	73
99	67
63	73
94	67
96	73
86	80
20	73
97	50
85	73
92	60
86	73
90	83
63	60
87	73
78	60
93	60
94	53
61	73
12	67
99	80
88	73
85	83
78	67
52	53
86	60
63	73
85	73
71	73
18	80
91	67
100	73
78	73
93	73
99	73
90	73
94	60
95	73
86	73
92	78
86	67
99	53
72	73
56	73
98	73
63	73
88	73
71	73
94	67
83	73
94	67
56	78
92	83
83	78
71	73
99	80
59	73
93	73
83	73
87	53
53	73
30	60
69	73
99	73
80	73
86	60
91	78
77	73
98	60
97	73
85	53
89	78
87	83
72	83
94	60
100	67
96	58
95	73
89	67
78	83
75	73
67	73
88	67
71	53
43	83
86	53
32	73
88	73
91	73
73	73
92	73
19	60
97	53
91	73
100	60
98	73
100	67
86	73
65	73
72	78
88	58
92	67
21	60
100	67
99	73
100	73
88	60
96	78
83	60
88	73
98	60
87	67
88	67
57	58
100	73
56	67
86	73
94	80
63	67
72	73
91	73
95	67
71	73
88	73
56	73
71	67
90	67
19	60
89	73
84	58
43	83
100	83
92	67
87	80
62	67
86	67
62	73
99	67
91	73
93	73
89	58
85	78
95	73
51	60
56	73
87	73
46	73
93	67
85	73
94	58
94	67
56	60
85	73
71	50
56	73
86	73
83	80
84	73
89	53
85	73
91	73
73	78
98	50
83	53
69	73
78	78
93	73
78	60
98	53
87	73
97	58
60	73
91	67
56	73
53	73
97	53
51	73
86	67
78	80
94	73
94	60
72	73
83	73
39	67
40	73
86	89
95	73
72	73
97	53
86	73
83	58
97	73
92	67
89	73
94	73
92	73
98	83
100	67
100	67
94	53
56	73
97	58
91	73
89	73
71	73
93	67
32	89
18	80
86	73
85	67
98	73
85	67
92	67
83	50
84	53
100	73
92	67
55	67
90	80
53	73
85	67
72	73
98	73
91	73
94	73
78	60
92	83
89	78
96	67
83	73
83	50
93	73
71	73
85	73
94	73
87	67
88	73
85	73
94	53
95	60
71	73
93	73
92	78
97	60
86	53
89	73
56	83
61	67
89	67
95	73
40	73
89	58
78	73
83	73
85	83
85	73
92	73
100	73
71	73
88	60
85	67
83	58
62	80
13	73
94	73
21	60
91	73
83	78
95	73
100	67
92	53
92	83
87	73
86	60
91	53
63	73
56	73
83	83
86	50
63	73
92	73
85	67
94	73
93	60
86	67
100	53
87	73
96	73
86	73
42	83
92	83
34	73
86	73
21	73
78	73
99	53
86	80
87	73
83	83
92	73
98	83
98	73
99	73
67	67
94	83
98	67
86	67
88	73
19	60
67	83
8	67
56	73
93	58
79	73
94	60
88	67
85	60
83	73
28	67
99	58
72	60
95	73
96	73
89	73
34	50
86	80
72	73
90	73
56	73
100	73
93	73
88	83
99	58
86	73
91	80
83	73
95	73
78	67
78	58
100	60
26	67
86	78
86	67
86	67
77	73
95	78
56	50
95	73
89	67
43	67
70	73
20	73
97	42
78	67
72	73
97	67
71	73
83	60
99	60
85	73
54	67
94	73
86	53
95	73
91	73
83	78
94	73
95	73
43	83
83	73
86	89
86	67
71	73
100	73
97	73
56	73
85	73
99	73
90	73
63	60
90	73
70	80
85	73
90	73
89	73
95	58
89	67
94	78
83	80
72	83
100	73
100	73
63	60
63	53
89	73
97	67
98	67
98	73
86	83
85	33
97	83
83	67
39	73
99	73
93	60
98	73
56	67
93	67
86	78
50	67
93	60
100	73
65	67
96	73
86	53
87	83
83	73
86	67
63	73
62	67
57	73
99	67
70	73
56	73
94	50
97	73
90	73
99	73
46	80
87	67
87	80
97	73
85	73
69	73
100	73
90	60
62	67
59	73
89	73
89	73
99	73
91	73
72	73
96	73
63	67
100	53
98	73
97	60
90	73
86	73
97	73
78	67
99	80
94	73
83	73
78	73
85	73
90	78
54	53
72	72
95	73
17	83
97	83
56	73
83	60
99	80
85	80
94	78
26	73
95	73
62	83
94	73
98	67
61	73
70	80
87	73
99	73
86	73
21	80
93	83
88	58
90	73
21	73
69	80
78	67
99	73
86	80
86	67
94	73
85	73
96	67
100	83
42	53
83	80
51	73
88	73
85	53
90	60
88	78
87	73
99	60
88	73
94	73
90	58
87	73
94	53
86	73
91	67
63	72
89	73
85	33
97	60
83	83
93	67
56	50
93	67
92	73
90	53
86	67
84	83
67	67
56	67
55	78
67	78
73	78
59	73
92	73
93	58
93	73
92	58
87	58
88	73
91	83
24	60
82	67
88	73
13	73
88	53
86	67
88	73
63	60
88	73
98	67
87	73
96	73
93	58
94	60
90	78
97	73
92	67
86	73
88	80
94	73
88	67
95	73
63	67
56	73
91	73
83	53
91	73
51	83
83	60
90	60
83	73
83	67
95	73
56	53
97	80
100	78
89	73
96	73
100	60
72	73
100	73
85	60
89	80
88	50
86	80
93	67
97	60
83	73
93	73
74	73
89	67
62	67
98	53
87	42
97	73
98	73
93	58
99	67
85	60
95	78
86	67
21	73
89	78
85	73
83	73
63	67
88	53
91	58
94	73
94	73
97	67
95	67
78	73
86	67
86	67
55	53
74	60
100	83
92	67
96	73
97	60
88	42
73	67
67	73
88	80
95	73
72	67
86	73
94	78
85	67
96	80
91	67
85	73
97	67
93	73
91	73
86	60
87	73
88	67
97	67
83	73
100	67
85	73
100	73
85	53
86	73
94	73
79	73
56	60
94	78
88	83
78	67
89	73
71	73
93	53
85	73
86	73
61	50
100	67
95	80
99	73
63	73
93	73
62	73
99	58
86	67
96	60
84	83
93	73
100	67
53	73
90	73
88	53
97	73
92	73
89	67
85	73
86	67
52	53
88	73
91	73
86	67
95	73
97	73
97	78
83	53
85	83
91	67
96	67
93	73
59	73
71	73
93	73
26	73
87	67
93	83
93	73
89	80
93	73
86	53
93	53
26	80
86	53
93	83
56	73
91	73
98	53
75	73
61	83
87	73
94	67
75	73
46	73
88	67
56	73
13	73
63	80
86	67
86	53
51	73
72	78
83	60
51	73
99	73
94	78
97	73
88	50
85	83
83	67
73	73
87	53
92	73
86	73
93	67
62	83
78	73
88	80
99	78
97	80
94	53
97	58
92	83
34	33
32	89
86	67
89	73
63	67
83	67
93	83
99	73
88	73
97	73
85	67
56	73
98	83
72	58
95	73
94	73
71	73
78	73
84	73
98	89
65	73
83	60
87	73
86	60
46	60
87	73
67	73
99	80
70	73
96	67
83	67
91	73
94	73
73	67
86	60
91	73
99	73
91	73
97	73
93	73
53	73
87	73
28	73
89	73
87	73
83	53
95	73
72	60
22	73
83	73
88	73
93	73
88	67
86	78
92	67
90	80
83	53
91	67
86	67
86	73
98	33
86	67
99	80
79	73
90	80
91	73
72	60
90	60
88	78
83	73
67	67
94	73
85	80
83	73
85	73
99	67
78	73
83	73
66	83
91	67
82	80
80	73
94	73
93	73
93	73
83	73
88	67
66	73
94	73
56	73
92	73
99	78
91	73
27	67
86	67
85	73
44	60
83	73
85	73
78	67
44	60
83	83
18	73
100	73
83	73
78	73
86	53
94	83
97	73
83	60
91	58
47	73
97	73
67	78
89	60
86	73
94	58
63	67
86	53
50	67
93	60
83	67
91	60
83	80
95	67
93	83
93	58
95	83
44	73
98	73
89	83
98	67
98	67
100	78
86	73
83	58
78	73
88	73
85	73
90	53
99	73
91	73
63	53
56	73
94	58
99	73
90	80
99	73
73	67
91	83
51	83
72	83
86	73
100	67
90	58
54	73
96	73
83	67
86	73
46	73
60	73
94	73
91	73
98	73
39	67
100	67
83	73
94	67
87	73
83	60
85	73
88	73
83	53
86	60
94	60
92	73
100	73
87	73
99	73
56	73
98	83
43	73
87	53
26	67
86	67
83	73
61	67
85	60
50	67
64	42
99	73
94	73
42	73
63	73
83	73
93	73
92	67
68	73
78	60
47	73
92	73
99	67
28	83
85	60
83	73
100	67
78	60
85	73
89	73
72	73
96	53
72	60
87	73
98	83
86	67
85	80
86	53
94	60
43	53
89	83
97	73
91	73
72	67
78	73
66	73
85	58
63	73
86	80
100	73
56	73
72	73
79	80
92	73
63	73
98	53
56	73
64	73
56	73
83	83
72	53
91	83
78	80
85	73
69	73
71	53
86	80
98	80
88	78
92	73
93	73
63	73
85	73
70	73
56	73
73	67
90	83
91	73
93	80
86	67
70	73
100	67
100	53
99	73
78	67
92	67
85	73
53	67
42	80
72	78
88	67
61	73
59	83
53	67
39	83
97	58
95	67
91	83
100	78
99	73
90	67
93	73
84	83
39	73
85	53
87	67
93	73
100	67
81	73
96	80
89	73
88	73
100	60
19	67
85	73
72	72
88	73
22	73
17	83
98	67
90	80
64	42
94	73
100	73
86	73
90	73
73	67
88	67
48	67
92	73
98	67
89	73
95	80
94	73
63	60
85	73
9	80
95	73
100	60
94	53
100	67
86	83
57	67
88	73
87	73
81	73
91	58
87	73
95	73
92	73
86	73
63	73
65	73
89	73
78	83
78	73
89	50
87	53
46	73
99	73
62	73
86	73
86	60
67	73
70	73
72	73
71	73
90	73
72	73
89	73
92	80
99	73
95	80
51	73
86	53
85	73
88	42
91	73
28	80
86	73
78	73
95	73
99	67
88	73
94	73
79	67
51	73
85	73
99	73
89	73
56	89
99	73
86	67
90	78
85	73
99	73
89	58
51	53
90	73
63	73
86	53
80	73
86	73
89	73
97	73
87	67
88	73
97	73
93	67
86	67
100	60
86	60
97	73
90	73
95	80
47	73
83	53
92	67
86	53
46	80
88	73
87	67
78	53
83	73
83	73
97	60
85	80
70	73
96	80
91	73
89	78
83	80
93	67
73	73
39	73
88	73
90	73
86	73
78	73
99	73
71	73
43	60
86	67
87	73
83	73
90	73
94	73
83	67
71	73
85	53
95	73
100	73
83	73
83	78
94	67
83	73
86	67
87	73
83	53
66	67
88	67
26	73
90	67
78	73
97	78
98	73
85	73
61	67
73	53
89	73
99	73
91	83
78	73
94	60
63	73
63	73
88	67
98	73
27	67
88	73
96	78
23	73
98	67
63	60
27	73
96	67
73	73
78	60
89	80
56	60
99	53
46	60
88	60
89	83
8	80
89	83
56	73
99	73
84	73
90	73
67	67
92	67
95	73
72	73
59	67
98	78
84	73
99	73
94	73
99	58
98	83
92	67
95	73
78	73
99	73
85	73
100	67
89	67
91	73
83	67
100	80
88	73
69	73
63	80
91	73
73	73
78	73
85	73
19	73
90	83
96	73
61	67
94	73
83	73
72	72
80	67
98	73
89	60
86	73
86	60
70	42
90	53
92	67
56	60
56	73
72	73
67	73
85	60
93	53
20	78
92	58
52	80
88	73
95	73
97	58
90	73
97	78
99	83
100	83
85	67
56	73
59	73
91	73
26	73
73	73
83	73
78	73
95	67
56	83
92	58
72	73
86	73
90	80
86	67
83	73
86	89
78	73
57	67
36	67
72	60
72	73
67	67
99	60
72	83
91	83
94	53
86	67
90	73
99	58
62	73
63	67
89	73
91	80
56	73
93	80
83	80
72	73
32	73
94	67
88	80
86	83
94	67
86	50
85	73
90	60
84	83
99	83
21	80
72	60
87	73
89	73
80	67
97	83
60	80
78	73
83	80
83	60
28	67
92	67
97	60
85	73
90	83
95	67
100	60
70	42
91	73
46	73
86	73
31	80
85	80
86	53
61	67
89	80
63	73
94	73
70	73
28	80
56	73
51	73
91	60
92	73
60	73
94	80
89	67
73	73
72	73
89	73
67	73
97	73
83	60
97	67
94	73
96	80
99	73
86	73
78	78
72	53
96	73
83	73
71	83
100	73
89	89
95	67
42	53
67	78
90	80
32	73
95	73
93	83
87	73
92	67
87	73
71	73
38	53
96	60
86	67
89	73
85	80
87	67
38	53
92	73
78	73
59	73
71	67
63	60
17	58
100	73
59	83
75	73
92	53
40	73
92	73
86	78
89	78
72	60
95	83
63	60
87	67
94	67
63	60
78	73
47	73
90	58
100	73
65	73
18	67
94	73
42	83
79	73
94	67
75	73
93	73
94	53
99	78
62	80
99	83
87	60
97	60
67	73
84	53
87	58
97	60
100	73
86	73
94	73
94	80
97	60
56	53
85	73
27	73
63	73
85	73
86	78
72	73
89	73
94	73
94	73
97	58
99	73
63	60
87	60
80	58
87	60
83	67
88	73
92	80
83	73
78	80
93	73
83	73
93	67
85	67
97	73
95	73
97	80
95	73
56	58
88	73
66	73
88	53
71	53
46	80
94	60
88	60
86	67
87	73
25	73
92	73
78	73
31	83
92	60
45	73
83	73
90	78
18	80
72	67
88	73
96	73
86	67
85	73
89	73
72	73
86	67
95	53
88	73
98	73
100	73
98	60
72	67
86	67
95	80
91	73
97	83
87	33
99	73
56	60
56	73
63	67
89	73
98	83
90	73
63	67
78	67
83	73
56	83
67	78
99	67
100	67
96	73
83	73
78	73
95	60
86	83
86	73
83	60
82	67
85	83
72	67
88	73
96	73
97	78
89	73
83	73
88	67
56	73
59	73
97	60
63	72
8	67
83	83
71	83
96	73
85	78
96	53
83	60
86	53
52	73
87	73
88	78
93	78
87	78
95	80
59	73
98	33
75	73
99	53
59	73
42	53
98	73
62	67
60	80
93	58
21	73
84	53
91	73
30	73
51	33
88	80
78	73
95	73
98	67
100	73
88	67
53	73
43	53
84	50
72	67
88	73
62	67
46	50
59	67
77	73
90	73
78	78
85	73
85	60
89	83
93	73
93	80
67	67
56	73
85	73
88	58
91	73
97	73
36	67
91	67
93	73
93	58
94	58
72	73
72	73
85	67
78	67
88	50
85	80
89	73
99	67
88	73
92	67
92	73
73	73
90	73
93	73
100	80
86	53
18	80
91	60
90	73
92	73
97	53
82	67
95	78
85	78
73	80
85	60
96	73
31	80
91	73
22	73
96	53
96	80
75	73
76	67
94	67
78	73
83	73
94	83
47	73
9	67
100	53
83	67
88	73
85	60
86	73
34	53
94	73
99	73
91	83
88	67
90	83
85	73
79	73
86	67
91	50
92	60
88	80
85	73
26	73
83	67
80	80
97	83
95	73
99	73
94	80
99	73
95	80
100	73
72	73
96	73
100	67
91	73
88	53
72	60
86	83
98	89
87	80
97	58
90	73
53	73
85	53
100	73
66	83
95	58
96	53
83	78
91	73
83	67
95	60
98	73
90	83
97	73
56	73
18	73
100	83
62	50
94	73
97	73
70	72
86	67
98	73
53	73
92	73
87	80
71	73
86	67
88	73
97	53
56	73
51	73
95	80
100	73
88	58
83	73
88	73
85	83
90	73
97	60
59	73
94	73
17	83
90	80
85	73
83	73
100	73
90	53
83	73
69	73
32	73
73	73
91	67
88	73
72	73
60	73
88	73
96	73
80	73
95	80
85	73
78	73
89	73
83	53
93	73
56	73
92	67
8	80
78	67
56	58
51	73
86	67
92	73
72	53
62	67
83	73
83	73
62	73
85	60
85	73
83	73
92	78
86	73
23	73
56	73
92	73
83	73
73	73
90	73
91	73
78	83
93	73
94	67
83	73
67	73
79	53
94	73
86	67
95	83
92	60
86	73
83	78
83	73
96	73
63	60
83	50
98	83
88	60
62	67
76	67
83	60
94	53
92	67
100	80
66	73
95	78
94	78
94	67
72	67
100	67
69	73
95	73
91	58
87	80
85	83
74	60
96	58
85	73
97	60
83	80
99	83
99	73
78	83
100	73
91	60
95	67
83	73
73	73
78	60
30	60
62	50
99	80
88	60
95	67
94	73
78	73
59	73
98	73
96	73
83	73
72	73
73	73
39	67
86	73
56	53
91	60
47	73
90	73
86	73
98	67
63	73
89	73
100	67
87	58
38	53
86	73
86	67
87	73
89	73
95	73
63	80
88	50
97	73
43	67
72	67
96	73
83	78
85	60
96	80
98	73
93	83
83	73
85	73
88	80
47	73
86	73
63	83
89	73
80	60
100	73
98	73
94	73
99	73
86	53
75	73
92	53
87	73
85	58
62	67
88	73
94	67
87	73
85	73
93	73
88	73
85	78
85	67
64	73
78	67
83	58
97	73
99	73
63	73
100	73
90	53
88	73
86	73
83	78
96	73
93	80
20	73
63	60
87	33
64	73
12	58
93	73
86	73
92	83
70	72
95	80
18	67
86	67
95	73
63	60
51	83
51	67
86	73
95	80
85	73
51	60
44	60
63	83
67	83
61	50
97	60
96	60
23	73
93	80
98	33
67	67
92	73
83	58
73	67
78	73
46	80
83	73
28	83
97	73
78	80
83	50
83	73
85	73
85	73
18	60
71	73
98	73
96	53
86	83
56	78
92	73
94	67
85	83
88	58
74	53
56	73
86	67
63	80
89	73
52	73
88	58
98	73
90	73
96	73
87	73
83	73
80	73
92	73
32	73
98	67
63	53
90	73
34	33
92	73
88	78
74	53
92	78
97	78
61	50
75	73
85	73
72	60
83	72
88	73
86	67
72	73
100	78
52	53
63	73
95	78
92	78
86	67
99	73
100	73
99	80
91	73
83	78
26	67
99	58
65	73
95	73
94	73
94	83
83	73
23	73
85	80
78	67
98	73
63	60
57	67
86	67
83	53
88	67
100	67
72	67
99	67
94	73
91	80
96	73
46	73
88	73
86	83
86	73
85	73
85	73
83	73
61	67
92	67
85	58
41	53
97	73
89	78
98	73
77	73
86	73
100	83
91	73
86	73
94	73
85	73
90	73
83	72
100	73
78	83
92	67
73	73
83	73
86	80
85	73
51	67
86	83
85	80
100	80
66	83
78	80
98	73
89	73
83	60
93	73
89	83
72	73
83	73
55	53
67	73
72	58
100	73
78	73
43	60
35	60
9	67
84	73
64	60
84	73
98	73
83	73
86	80
89	78
95	73
85	58
46	67
47	73
93	73
86	83
54	67
53	67
47	73
89	83
83	67
89	80
21	73
99	73
88	73
79	60
72	73
83	67
90	73
99	73
86	67
63	83
97	78
83	73
63	73
94	73
87	67
72	53
73	67
89	80
85	33
100	73
97	73
85	73
99	53
93	58
96	80
91	73
86	73
63	73
72	60
88	58
87	67
86	73
63	73
19	73
86	73
95	53
84	73
88	73
70	73
85	73
85	73
83	73
72	58
89	73
89	83
55	73
71	73
70	42
94	80
85	60
63	60
83	73
93	73
83	73
72	73
87	53
86	67
72	58
88	73
97	80
99	80
100	73
95	73
91	60
78	73
61	50
71	80
99	67
86	73
88	60
84	73
92	80
85	72
98	60
86	80
87	67
83	80
90	73
78	73
96	73
98	73
99	67
36	58
72	73
86	60
83	73
79	53
78	73
86	83
83	73
86	67
87	58
93	73
85	73
92	67
89	73
83	73
90	73
83	73
89	73
86	67
51	83
87	67
85	73
89	53
88	67
56	73
62	78
88	58
83	73
97	67
46	80
74	53
13	83
70	73
90	73
96	53
52	60
97	73
26	73
100	53
98	73
72	58
71	50
85	83
100	78
85	83
42	83
90	73
86	73
88	73
85	73
86	53
73	73
100	73
78	73
94	73
52	73
83	83
87	73
86	73
81	89
94	53
91	73
72	67
85	73
94	73
90	60
13	83
85	67
83	73
86	83
98	53
93	73
85	80
89	73
97	73
56	58
97	60
62	83
78	67
83	80
84	73
59	73
85	80
90	60
94	73
63	80
85	73
72	73
63	42
95	73
84	73
92	80
83	73
83	73
36	73
20	73
87	73
88	60
85	73
86	80
70	60
92	83
96	73
93	67
63	67
39	73
85	73
94	73
56	67
96	67
83	73
89	73
85	80
52	42
92	73
42	80
85	78
83	73
94	78
95	80
98	58
100	73
85	73
72	73
85	67
74	73
83	67
72	73
27	83
89	67
94	67
85	60
85	83
96	60
42	53
85	73
83	60
94	73
96	53
91	60
97	58
95	80
93	83
95	83
97	73
56	73
89	73
89	60
86	73
63	73
88	73
73	60
56	60
90	73
98	67
95	73
69	67
83	50
83	60
98	67
43	67
92	73
87	78
48	73
99	73
92	67
85	83
85	60
89	83
94	67
51	73
30	73
90	73
78	73
93	73
66	73
87	67
92	60
93	80
55	67
78	73
92	78
92	67
90	83
86	78
63	73
99	58
63	60
86	73
71	73
98	73
78	73
89	83
74	80
87	73
89	80
100	67
83	73
56	53
83	60
94	80
92	73
66	80
93	58
56	67
67	67
85	53
85	73
83	67
78	73
72	73
86	83
91	60
88	80
72	73
97	73
89	60
66	73
97	78
93	83
98	83
78	73
98	67
72	73
99	80
94	67
93	53
93	73
69	67
99	73
83	73
72	73
86	53
71	73
51	73
98	58
31	73
83	67
89	67
92	67
83	67
89	73
43	73
85	67
93	60
92	67
84	73
98	33
94	78
72	73
94	67
95	58
94	73
46	67
43	73
32	73
86	80
91	53
97	58
88	67
92	73
42	67
83	73
94	73
88	58
100	73
86	73
83	73
98	73
96	60
90	73
10	73
92	53
89	83
86	83
99	73
88	80
83	78
99	73
51	73
18	67
86	50
92	78
97	78
83	73
61	73
90	73
86	73
94	83
93	73
66	73
51	83
73	73
83	53
86	73
91	53
56	73
72	73
78	73
98	53
95	73
56	73
99	73
56	67
83	58
95	80
39	83
91	58
72	60
96	73
42	78
69	73
94	67
78	78
90	73
88	73
94	60
91	83
86	73
84	73
91	73
90	80
84	73
66	73
85	67
88	73
100	73
52	80
94	73
63	73
83	73
63	60
53	73
26	67
89	73
99	73
94	67
61	83
63	73
98	73
86	73
98	73
87	78
95	60
73	73
78	67
87	73
83	73
93	73
67	67
78	73
93	53
99	73
63	73
93	73
90	73
90	60
80	67
86	73
87	67
90	73
72	73
99	60
90	53
95	73
45	80
86	67
72	73
85	73
90	33
26	80
86	67
56	73
91	73
61	67
100	67
79	67
87	60
96	80
85	73
63	73
83	50
83	73
79	73
85	80
51	73
93	67
85	73
90	83
86	80
99	73
83	67
83	83
61	67
56	67
93	53
99	67
98	73
56	60
59	73
95	58
95	58
95	73
93	73
61	73
85	80
94	73
95	73
56	67
97	67
55	73
94	53
93	73
88	73
94	67
72	67
26	73
88	73
93	73
92	78
83	73
32	73
78	53
28	83
100	80
72	73
89	67
85	67
90	80
59	73
61	50
63	42
46	60
67	83
72	58
83	60
47	73
72	73
97	53
94	73
62	67
30	73
95	73
88	53
70	73
100	73
53	73
87	73
99	73
88	78
93	83
85	73
93	80
78	73
93	73
94	83
87	67
71	83
91	67
97	67
92	73
98	73
57	58
51	73
92	60
85	67
100	73
97	67
83	53
86	83
78	67
90	67
83	67
88	58
83	73
47	73
94	73
90	67
67	73
78	60
56	73
97	53
91	73
91	67
83	73
83	53
99	53
87	67
85	73
62	73
93	73
71	73
97	73
88	73
94	58
89	67
63	67
94	60
63	67
78	73
92	60
72	73
72	67
86	53
85	73
89	83
91	73
95	67
72	67
85	53
55	53
78	73
92	73
89	67
86	73
88	73
92	73
85	53
84	73
89	80
85	73
83	73
83	73
90	58
93	67
86	73
92	73
83	53
61	67
72	73
27	83
90	73
86	83
86	73
63	73
98	33
23	73
56	73
92	83
83	58
94	80
93	73
73	67
85	73
22	73
94	73
90	73
63	67
88	73
50	58
92	60
100	80
83	60
56	73
84	73
85	58
93	67
93	73
85	73
92	73
22	60
57	67
86	53
98	67
90	73
90	67
78	73
86	67
67	78
78	67
91	73
83	73
92	67
94	67
100	60
93	67
98	73
53	73
83	67
97	73
71	73
83	73
99	73
98	83
88	58
99	58
56	73
83	73
73	73
95	73
78	73
94	73
54	67
88	67
66	73
100	73
94	60
70	53
88	67
94	80
63	53
99	67
93	53
86	73
90	73
93	67
86	53
78	73
97	73
72	73
89	80
91	67
98	73
78	67
86	67
69	67
95	73
84	83
88	73
12	58
56	73
97	73
56	73
99	67
63	73
72	53
63	60
91	67
48	83
95	73
26	67
88	73
40	80
93	67
100	73
90	73
88	73
78	73
86	73
56	73
72	73
90	67
63	73
28	80
93	73
100	73
72	60
97	42
98	53
70	80
81	89
67	67
96	73
85	73
86	73
18	67
99	73
73	73
98	73
60	80
96	73
88	73
86	73
100	73
85	78
83	58
86	53
100	73
91	67
83	60
90	33
86	73
69	73
98	67
89	73
100	73
92	73
18	80
89	58
100	73
38	73
99	73
66	80
71	73
95	60
63	67
66	83
95	73
87	73
87	67
86	53
91	58
86	73
87	78
73	73
99	73
95	73
97	73
72	73
84	73
86	60
83	60
92	67
98	73
13	83
72	67
83	73
86	73
90	73
95	80
87	73
100	83
94	73
100	73
83	73
91	67
63	67
93	73
90	60
100	83
88	73
73	73
86	73
100	73
83	73
51	73
87	73
54	67
66	73
36	58
72	73
95	78
79	80
93	67
85	58
88	67
73	73
94	73
88	60
66	73
86	83
43	60
53	73
95	53
78	67
56	73
26	73
90	73
26	67
94	73
12	58
94	73
63	73
89	67
92	53
94	73
72	73
71	80
94	67
78	73
78	73
85	73
88	58
72	73
94	67
89	80
63	67
56	83
88	73
72	67
93	78
86	73
99	73
61	73
96	73
61	67
73	67
83	73
61	73
85	73
98	58
61	67
87	73
18	80
63	60
54	73
18	60
100	73
85	73
83	73
56	73
88	73
78	83
40	73
63	67
86	67
40	73
96	53
63	73
94	73
97	42
70	73
70	53
91	60
93	73
88	73
78	73
100	80
89	73
100	78
83	53
90	60
87	73
73	67
95	80
62	73
78	73
85	80
91	73
53	73
39	50
85	58
67	67
90	60
86	73
89	58
46	67
8	80
85	80
95	73
98	50
99	73
22	73
92	83
94	83
99	80
89	73
91	73
78	73
72	80
93	73
97	67
86	73
91	73
28	53
93	73
86	73
83	80
93	73
90	73
71	73
63	73
66	73
83	80
96	60
100	73
93	73
83	67
86	78
72	53
85	73
94	58
98	73
80	67
61	67
63	67
47	58
92	73
36	58
87	73
85	73
45	73
42	73
85	73
92	67
80	58
20	73
94	73
31	83
78	73
94	73
92	73
99	73
83	80
21	83
89	58
56	73
55	78
72	83
83	80
88	73
53	73
87	67
83	58
83	73
93	67
85	50
67	73
86	67
97	73
95	58
88	50
89	53
92	73
88	67
96	73
78	73
10	50
96	73
83	73
86	73
64	73
97	73
8	67
99	80
93	67
83	67
94	67
90	50
87	60
98	83
61	67
86	67
91	67
74	67
84	83
83	58
96	73
53	73
85	80
91	73
95	78
96	80
85	73
93	73
98	73
74	73
100	73
66	67
99	53
96	80
97	60
83	67
91	73
94	73
99	67
8	83
95	73
90	73
83	67
89	83
95	73
90	73
90	73
95	60
78	73
88	73
78	73
94	67
83	73
86	80
54	53
46	80
99	67
99	73
86	60
89	58
83	83
85	73
90	73
90	53
94	60
89	73
91	83
16	73
86	58
92	80
99	73
23	73
71	50
72	73
85	80
94	60
63	42
56	67
66	73
56	78
95	73
86	73
97	73
95	73
96	53
21	78
86	73
85	73
51	60
95	83
85	80
99	80
85	67
56	73
63	73
99	78
63	80
86	53
98	73
95	80
83	33
97	58
86	67
61	73
71	80
85	73
96	60
88	67
86	73
99	73
90	73
80	67
92	67
93	73
83	67
96	53
51	83
86	60
94	73
87	73
19	60
89	73
88	58
92	60
86	80
93	73
53	73
99	80
86	73
95	58
97	73
52	73
99	58
100	53
56	73
91	80
97	42
96	73
97	58
27	42
95	73
16	73
96	67
19	67
67	73
92	73
66	73
66	83
90	60
95	60
91	33
78	73
83	67
16	73
93	73
93	73
55	73
95	53
18	67
83	73
93	73
100	80
92	67
99	67
98	78
88	73
26	73
61	67
97	73
42	78
94	73
56	73
92	73
90	73
83	67
63	67
31	83
72	73
60	80
56	73
86	78
94	58
63	73
51	73
73	67
89	73
93	73
99	60
52	73
91	80
87	67
46	67
67	67
88	73
39	58
86	67
18	80
73	67
90	73
86	83
94	58
99	67
63	60
93	67
100	80
95	73
97	50
43	73
96	73
100	73
66	80
67	58
88	53
92	73
86	73
86	83
93	67
92	73
96	67
64	73
59	73
90	67
90	73
99	67
95	58
56	58
83	60
100	73
78	60
72	67
83	67
90	73
84	73
100	73
85	73
72	58
91	73
87	67
85	73
78	73
21	83
83	67
56	60
70	80
88	60
85	83
21	83
85	78
91	73
92	73
85	73
91	73
78	67
69	73
63	73
56	67
86	53
87	78
99	83
89	73
70	73
88	73
67	67
17	67
90	60
85	60
40	83
60	78
86	73
72	60
93	73
94	78
90	67
99	73
67	73
93	58
77	73
90	73
72	53
94	58
86	67
99	73
94	73
78	73
47	73
83	73
25	58
46	53
93	67
99	73
67	67
85	73
83	73
90	60
90	73
34	73
85	58
100	67
99	73
63	73
91	73
53	67
66	73
95	73
13	73
36	73
98	80
94	67
86	73
32	73
96	80
88	73
63	67
97	73
94	67
63	60
72	78
98	73
79	73
98	58
18	60
85	60
86	80
98	73
86	73
72	73
97	67
73	73
83	58
99	73
83	67
95	60
83	73
51	73
88	83
90	73
72	73
93	73
85	73
20	73
43	67
89	67
87	67
83	78
88	58
89	83
97	73
92	73
99	58
30	73
88	67
99	67
61	67
97	60
67	67
90	58
93	73
95	78
100	73
91	67
83	73
63	73
97	58
57	67
88	73
72	60
94	73
88	67
72	73
88	60
93	73
94	73
86	53
91	73
63	73
9	67
85	60
56	73
97	73
91	60
83	73
83	89
99	73
87	73
43	73
63	67
97	83
99	83
88	73
83	78
93	73
83	73
30	60
86	67
56	73
99	73
85	80
83	58
89	67
89	67
78	73
61	67
89	73
63	73
97	67
99	67
94	73
72	53
46	67
23	67
91	73
26	67
62	67
18	60
86	73
97	73
88	83
94	67
90	67
99	67
88	73
97	73
60	73
43	73
100	67
85	67
87	53
98	73
93	73
93	73
88	78
91	53
87	78
86	67
83	73
93	73
17	83
87	73
100	73
88	58
86	73
95	58
92	60
98	73
91	58
85	73
91	53
78	73
86	80
85	83
63	73
94	73
73	67
83	73
98	73
67	73
97	73
92	83
89	73
64	60
90	73
97	67
85	73
97	53
90	53
91	67
93	73
90	73
59	73
83	78
51	53
85	78
19	73
64	73
88	73
95	73
72	53
85	67
21	73
83	67
85	73
83	80
85	73
86	67
94	80
93	73
83	58
44	60
51	53
100	73
56	73
83	58
34	50
86	53
79	67
10	73
89	83
61	67
28	67
71	53
87	73
83	78
72	73
99	78
61	73
87	83
72	73
94	73
85	58
93	60
100	73
72	78
84	73
94	73
89	73
56	73
64	73
86	67
96	73
26	67
17	67
85	80
63	60
86	78
85	50
86	73
75	60
98	67
88	73
80	67
99	73
90	67
71	73
28	73
72	60
85	73
91	80
93	73
16	67
88	73
56	78
25	73
99	53
94	67
99	73
17	73
86	83
90	53
66	73
99	67
89	73
94	73
99	80
93	67
99	73
99	67
90	73
24	60
90	73
93	67
66	67
31	80
88	73
20	73
87	53
9	67
46	60
30	60
63	73
99	80
94	67
95	67
99	78
89	73
63	80
88	58
89	73
97	73
86	73
78	73
83	53
35	73
72	73
96	73
100	67
95	67
56	67
94	67
86	80
73	80
98	73
85	78
99	53
94	73
67	80
99	67
97	67
97	83
86	73
83	73
88	60
61	67
85	58
63	73
86	83
95	80
100	67
100	67
31	73
89	73
97	73
98	73
93	53
83	73
90	78
97	80
94	73
89	67
56	78
99	73
93	67
72	53
99	73
100	83
78	73
77	73
66	73
94	67
88	67
73	89
100	53
66	80
99	60
82	67
94	58
74	60
83	73
96	73
99	80
94	67
87	73
83	53
88	42
54	67
87	80
56	73
92	78
47	73
73	73
83	78
86	73
63	83
95	73
100	73
92	83
83	53
100	73
86	53
83	83
86	73
9	67
47	58
63	67
86	73
85	73
78	67
97	60
53	73
56	73
96	73
92	73
85	73
72	73
56	67
93	67
83	58
86	67
97	80
56	73
95	73
65	73
96	73
89	83
83	67
90	83
78	67
46	80
59	53
83	72
93	73
86	67
78	73
90	73
88	73
85	80
78	73
88	80
86	73
87	73
83	58
90	67
94	67
94	73
94	78
73	60
89	67
94	58
88	73
25	73
100	73
83	73
72	73
55	73
96	73
100	53
99	67
18	80
69	53
72	73
46	60
97	73
92	60
86	60
28	53
12	58
90	73
91	73
97	78
13	73
78	60
83	73
97	60
96	73
46	73
71	73
99	60
88	73
98	73
98	67
93	73
100	83
87	73
90	80
89	73
56	73
54	73
94	73
83	73
25	58
85	73
85	83
93	73
50	58
86	67
13	73
86	67
21	73
88	73
92	78
63	73
83	83
96	73
95	78
93	73
88	83
91	60
20	73
89	42
64	60
53	73
83	73
85	73
30	73
88	50
89	60
13	73
98	78
99	73
72	58
88	73
100	83
92	67
97	73
90	73
92	78
89	73
89	73
63	73
92	60
83	73
89	73
86	53
92	83
83	67
83	73
100	67
90	80
87	78
86	73
70	73
87	78
88	60
78	73
83	80
62	73
63	60
71	60
75	60
95	60
90	78
95	73
91	67
71	73
87	73
64	73
87	73
99	60
97	58
97	80
91	60
83	67
53	73
94	73
97	73
90	73
72	60
93	73
87	67
86	50
56	67
86	73
86	73
85	73
91	73
98	73
63	67
46	73
85	80
94	73
88	60
99	67
73	73
78	73
90	73
100	73
86	67
59	83
99	80
87	67
87	80
75	73
94	58
9	67
89	73
83	58
100	60
63	53
85	60
90	80
83	67
92	78
92	73
94	67
89	80
100	73
83	58
42	58
78	67
92	60
94	67
56	60
83	67
97	67
47	73
85	58
89	73
97	53
88	78
78	73
21	73
93	53
95	83
99	60
88	60
88	78
78	73
100	60
54	53
83	83
56	73
56	67
75	73
21	60
94	67
93	83
83	67
73	67
78	73
22	73
83	53
11	60
83	67
31	73
94	78
99	73
86	67
97	67
94	53
100	80
88	60
72	73
27	53
56	58
39	73
92	83
87	53
66	73
98	58
96	67
97	80
99	67
88	73
88	60
56	73
98	67
94	67
96	73
90	73
88	73
52	80
83	83
75	73
95	73
72	78
39	83
51	83
92	80
71	83
63	58
66	67
91	73
36	73
94	73
100	73
87	83
97	60
53	73
86	83
89	58
82	67
23	73
100	67
51	67
85	73
54	73
97	60
99	80
92	73
87	73
70	73
86	53
90	67
89	89
80	73
99	60
94	80
86	73
72	73
89	67
83	73
83	53
92	73
93	80
86	67
85	73
88	80
56	78
85	73
83	73
95	78
95	73
72	53
90	58
85	73
88	78
89	67
63	83
96	53
78	73
72	73
61	50
78	73
86	78
86	58
94	53
98	83
94	73
56	67
98	73
16	67
97	73
99	73
83	73
94	73
98	73
92	73
88	73
84	83
64	42
78	73
100	83
89	83
72	73
100	60
86	78
99	58
63	83
84	73
85	73
79	60
63	83
89	73
100	73
83	53
78	67
8	83
92	83
100	73
100	73
73	67
100	73
92	73
40	73
10	50
72	73
86	60
93	53
78	73
72	73
85	73
93	73
84	73
86	53
63	83
83	80
95	60
91	60
100	83
99	73
83	50
66	67
13	73
88	73
63	67
85	73
66	83
98	73
94	73
86	73
93	73
96	73
86	73
95	73
90	67
97	67
59	73
98	73
85	73
86	73
96	73
99	80
52	53
88	73
34	33
97	67
94	73
9	67
86	67
83	73
97	73
88	80
85	78
59	83
61	73
91	73
90	53
23	73
94	73
72	73
83	33
91	58
56	73
71	83
72	73
88	83
88	58
88	73
86	73
72	67
96	80
83	67
94	60
86	73
56	67
95	73
94	53
90	78
85	73
88	67
73	73
28	67
85	83
96	67
34	73
80	73
17	58
80	73
91	58
31	80
94	80
93	73
63	73
93	60
75	83
78	73
94	80
88	53
95	73
86	73
72	73
89	83
92	67
97	67
87	73
88	78
72	73
100	78
69	53
73	73
79	67
86	53
94	67
100	83
91	73
96	80
71	53
93	58
96	67
73	73
86	80
67	73
67	78
94	73
44	60
56	53
71	73
97	60
93	83
43	73
93	73
85	73
83	50
86	67
86	83
91	67
89	73
97	83
88	53
78	60
100	73
72	67
94	53
67	80
11	73
71	73
100	80
89	83
80	67
100	73
89	73
86	53
89	73
99	78
92	73
97	73
86	73
91	60
86	73
99	73
69	80
36	73
94	73
95	60
72	60
92	67
75	73
91	60
86	73
94	58
97	58
96	73
93	73
17	83
92	73
87	73
94	73
56	58
97	58
62	80
9	80
56	73
95	83
89	83
98	67
61	73
78	60
83	67
100	73
83	67
87	73
90	78
78	73
18	78
85	73
100	67
85	53
86	67
86	73
92	73
93	80
99	83
90	60
92	80
90	80
95	73
88	58
86	58
18	78
90	73
89	73
87	67
93	73
99	73
53	73
83	73
100	73
92	73
92	83
87	73
85	83
43	83
62	78
91	67
56	58
83	67
65	67
75	73
85	73
86	67
78	73
94	73
91	73
92	73
21	80
89	73
96	80
95	67
67	73
85	83
96	60
34	73
86	60
98	83
89	73
87	73
96	73
96	53
97	67
84	58
75	83
92	73
66	73
90	67
100	80
63	60
66	73
90	50
71	80
83	78
87	73
98	67
39	73
48	73
83	60
93	73
62	67
83	73
100	67
92	73
61	73
71	73
89	83
78	67
91	80
65	73
92	67
72	73
78	60
57	67
90	80
91	53
91	67
88	67
94	58
16	73
91	73
73	67
89	67
84	73
83	73
90	67
98	73
86	53
72	73
93	73
63	80
85	73
89	73
91	67
100	73
98	53
92	73
83	67
85	83
97	73
53	73
85	73
72	60
51	73
90	53
94	60
62	73
98	73
86	60
100	60
75	73
36	67
88	60
94	73
85	60
90	78
93	73
91	73
69	83
96	73
71	73
89	83
56	60
53	73
96	53
56	73
88	73
99	80
70	73
97	73
78	83
85	83
94	73
61	73
21	60
88	73
86	73
91	73
100	73
63	80
83	73
92	73
85	67
98	73
83	60
90	80
96	80
89	73
94	67
92	73
93	67
71	73
86	78
90	80
84	83
92	67
54	53
63	73
59	83
93	78
71	73
99	67
91	73
86	73
56	73
87	83
78	73
85	73
91	73
98	73
88	60
86	58
90	73
100	78
67	73
87	67
47	73
91	73
97	80
83	58
85	83
87	58
44	73
93	73
72	67
100	73
92	73
98	73
91	60
78	67
83	73
92	53
99	58
87	73
96	73
72	72
95	73
63	53
99	78
68	73
90	60
88	73
63	58
91	73
91	78
83	80
86	78
88	60
90	80
90	60
97	67
87	73
85	73
86	80
72	33
93	80
67	73
90	78
91	80
95	67
93	80
97	73
92	67
83	73
23	73
83	78
100	73
96	53
56	78
97	60
78	83
97	60
100	60
87	67
83	73
90	78
100	80
25	58
83	73
78	73
89	73
73	67
44	73
83	73
97	73
85	53
87	33
99	73
69	67
86	73
78	67
56	78
100	73
90	60
90	80
78	60
85	53
95	80
27	83
85	73
55	73
44	60
70	72
52	53
80	58
88	83
87	53
92	78
19	67
94	53
63	73
98	67
92	73
90	80
87	73
88	73
85	73
72	83
98	73
72	73
90	60
67	73
96	73
90	73
93	73
99	73
51	73
88	73
63	73
93	73
91	80
93	67
100	73
88	53
88	53
89	67
56	73
100	53
93	80
86	80
93	73
94	73
85	73
10	50
92	60
78	73
96	73
51	60
28	73
91	53
91	33
89	67
72	58
93	73
83	60
100	73
72	73
78	67
83	73
88	42
83	53
78	67
78	73
94	73
85	78
21	73
48	73
90	73
85	73
85	73
88	67
89	67
73	67
27	67
99	67
89	80
86	53
94	73
94	50
97	67
63	67
21	83
97	83
92	78
94	73
22	73
18	80
89	73
83	58
92	53
93	73
95	73
86	67
89	60
98	73
83	58
94	67
20	73
44	73
91	53
70	73
85	80
90	80
87	58
99	73
87	73
92	60
90	58
86	73
88	73
73	73
83	73
66	67
85	73
100	73
96	53
90	58
78	73
46	73
92	73
97	67
90	60
91	73
93	73
90	73
85	73
97	53
84	73
18	60
85	73
89	53
86	60
86	80
96	60
95	73
93	67
93	67
48	67
86	73
83	67
61	83
93	73
88	60
98	67
72	83
84	83
59	73
100	83
89	67
96	73
100	60
70	53
72	83
100	73
100	73
94	67
83	73
63	83
100	73
63	73
100	67
86	73
56	67
99	73
86	73
72	83
90	73
83	73
90	80
97	73
94	73
91	73
59	73
100	83
83	67
92	67
83	73
96	73
56	73
85	73
94	78
100	73
75	60
100	53
56	58
92	83
92	73
51	58
83	50
93	67
98	73
56	73
73	73
87	73
72	83
89	50
86	83
59	73
97	73
96	53
90	67
94	60
86	73
88	83
46	50
100	73
77	73
91	60
61	67
91	73
99	58
83	58
31	83
86	80
86	60
85	73
94	78
43	60
99	58
62	78
89	73
79	53
97	73
90	73
94	73
46	50
95	73
90	60
100	73
85	73
85	53
92	73
100	73
78	73
96	73
85	83
86	58
55	73
63	73
78	73
63	42
89	73
96	67
90	58
86	67
78	73
87	73
99	80
85	83
83	73
96	83
85	60
83	67
54	73
84	83
89	73
98	73
61	73
78	67
94	53
97	67
83	73
72	73
72	73
89	78
97	80
63	60
63	60
99	78
93	80
63	60
87	73
86	67
99	60
86	73
87	67
91	67
89	73
97	60
72	67
87	67
67	73
85	67
72	73
86	80
96	73
92	73
26	73
51	53
93	80
96	58
99	67
91	58
40	73
85	73
61	67
85	73
87	58
86	73
86	53
94	73
85	60
92	53
92	83
85	80
98	53
10	50
78	73
93	73
85	73
85	78
87	80
85	73
97	60
85	67
96	73
98	73
63	67
86	73
98	73
94	67
92	60
86	73
96	73
83	73
75	73
56	60
97	73
92	73
63	67
86	67
91	58
91	67
78	73
99	78
83	60
86	67
97	67
98	60
83	73
100	73
66	73
99	73
100	73
63	72
87	67
85	80
86	53
90	73
85	73
88	73
92	73
86	73
98	73
97	60
97	80
96	67
88	78
13	73
56	67
89	58
96	73
92	83
100	58
92	60
40	80
85	83
92	83
96	67
93	60
100	73
97	73
27	42
97	73
88	73
99	80
85	73
42	58
53	73
63	73
83	58
89	73
73	73
79	73
78	78
83	67
56	78
87	42
88	60
83	60
79	73
72	73
88	78
100	73
94	73
34	73
100	53
85	60
88	60
83	83
87	83
86	67
90	73
94	67
98	67
97	73
86	67
93	73
92	50
99	73
72	73
78	67
56	73
86	83
67	73
61	73
53	73
86	60
65	73
94	67
86	78
73	67
88	73
86	73
87	73
100	67
98	73
90	73
57	58
84	83
85	89
78	83
91	80
93	80
94	67
98	73
64	73
50	73
83	83
56	67
23	73
63	80
71	73
87	80
51	33
100	67
16	67
91	67
88	73
97	60
94	73
92	73
92	60
91	73
99	73
92	58
70	73
66	73
100	73
86	73
86	83
83	73
100	67
96	53
92	73
92	73
95	73
89	83
63	73
86	73
92	67
92	53
93	53
70	73
88	73
63	67
98	73
93	73
63	73
63	73
91	67
94	73
83	60
85	73
83	83
90	58
98	67
91	73
93	73
87	67
85	73
87	73
92	78
62	67
96	73
51	67
90	67
94	73
83	67
90	73
78	67
57	73
86	73
88	67
72	67
85	78
72	67
99	80
97	78
83	73
65	73
67	80
85	67
47	58
91	67
96	67
72	33
85	60
91	53
93	67
97	73
72	53
97	78
88	73
94	67
96	73
59	73
72	73
100	67
63	73
89	67
63	80
85	73
89	73
88	73
99	67
56	73
89	58
95	73
83	83
90	73
87	67
85	60
88	73
63	58
43	67
83	67
93	73
63	60
100	73
88	80
56	83
94	73
95	58
96	73
56	73
90	83
74	67
97	67
72	73
85	60
8	67
91	73
61	73
91	58
83	83
92	67
98	67
100	83
90	60
78	78
87	73
72	33
87	67
46	73
86	67
26	67
67	83
91	80
93	73
85	67
96	73
83	73
21	60
92	67
93	83
93	58
89	83
92	73
97	60
56	67
38	53
88	73
88	73
100	67
83	73
93	73
98	73
94	53
66	73
56	67
92	67
83	73
99	83
40	73
63	60
95	60
88	73
95	73
86	60
43	83
88	73
99	67
22	83
90	67
85	58
91	73
43	73
96	53
85	83
92	67
90	60
88	73
90	73
56	73
83	73
99	60
42	58
84	73
86	73
93	53
90	80
65	67
35	73
72	73
100	73
94	73
91	60
83	67
98	67
62	67
83	80
93	67
86	73
100	73
94	73
95	73
95	73
94	67
90	78
94	83
78	73
83	72
87	73
85	50
50	73
83	67
97	73
89	67
98	67
83	60
85	67
99	73
86	60
94	67
94	53
83	73
94	73
97	73
87	60
83	78
46	73
73	73
87	73
93	53
100	73
91	73
89	78
87	58
94	73
90	60
94	80
86	73
56	67
67	73
92	78
94	67
97	60
88	78
72	67
99	73
83	67
78	73
56	89
100	73
95	73
71	73
95	58
87	73
94	67
96	73
66	67
89	83
90	73
100	73
100	73
20	78
50	73
96	60
100	73
21	78
83	67
88	58
87	42
91	83
93	80
72	83
94	73
93	67
97	73
100	53
67	83
73	73
36	73
89	73
63	73
94	73
89	67
93	73
92	67
56	73
85	80
72	73
63	73
83	73
92	60
96	73
63	73
98	67
98	73
72	83
85	73
86	53
91	83
100	83
86	80
61	67
88	78
89	83
100	67
88	60
99	67
84	53
86	67
94	73
86	67
87	80
86	78
98	60
99	67
53	73
93	58
64	53
72	73
91	60
92	78
86	73
87	73
90	73
91	67
88	67
92	78
94	78
19	67
91	73
86	80
36	67
99	67
95	80
84	73
69	83
80	67
96	53
100	67
83	73
40	73
92	72
78	73
71	73
88	73
88	73
34	50
87	73
88	60
72	73
88	53
92	53
83	73
86	73
91	80
100	67
65	73
97	78
86	78
72	67
63	58
71	60
83	67
55	78
99	67
94	50
93	60
63	67
98	67
72	73
95	58
100	73
88	73
86	73
59	53
72	72
47	73
87	73
53	73
94	73
85	60
83	73
57	73
100	80
86	80
43	83
34	53
83	73
93	73
86	73
100	73
91	73
92	73
88	53
73	73
98	53
69	67
13	83
91	67
85	73
93	80
55	53
78	73
98	73
86	78
94	53
99	67
99	73
75	73
96	67
88	73
89	73
93	73
67	80
89	67
98	67
85	53
86	73
52	80
83	73
94	67
64	60
42	58
86	83
89	73
92	73
86	67
86	73
53	73
90	73
72	60
100	67
63	73
88	73
84	73
90	73
79	73
85	67
91	80
100	73
21	78
95	60
96	73
87	67
86	58
88	73
93	73
95	67
60	73
86	73
85	73
83	73
97	73
93	67
51	73
85	67
98	53
72	67
100	73
86	78
97	58
63	67
99	73
86	73
48	83
89	60
86	73
90	78
54	67
90	60
86	80
83	60
91	50
56	73
89	73
86	73
100	67
91	73
97	73
78	83
99	60
88	78
91	58
36	73
88	58
99	83
94	67
95	83
83	73
83	58
85	83
85	60
86	60
100	67
86	83
83	73
97	83
78	73
90	78
89	73
93	73
86	73
78	73
86	73
72	73
39	67
92	73
88	73
91	53
66	73
93	67
94	67
85	73
56	60
93	60
31	73
78	83
53	73
48	67
86	73
90	73
89	73
72	67
83	67
72	58
83	73
89	73
84	73
85	60
90	73
27	83
87	73
99	73
42	78
98	73
83	83
52	73
88	73
86	78
98	67
94	73
83	73
86	73
98	73
78	67
50	73
85	67
72	60
99	80
93	73
96	67
93	67
61	67
90	73
99	73
100	67
86	73
91	67
95	83
85	73
71	80
94	67
83	67
83	73
91	73
87	60
31	80
28	73
87	83
71	67
43	83
100	73
89	73
86	73
86	67
91	73
92	67
83	73
62	73
97	67
72	73
91	73
100	67
97	67
98	73
92	58
72	60
61	73
87	58
63	80
63	67
78	73
87	33
74	60
92	67
73	83
47	58
83	73
90	60
94	73
73	73
72	73
64	60
94	67
94	73
53	73
98	60
72	73
96	60
94	73
92	60
86	73
72	73
84	83
93	73
83	67
88	53
92	78
95	73
92	73
55	67
90	60
91	67
99	80
68	73
62	73
95	78
99	73
90	73
53	73
87	73
83	73
97	73
96	60
100	73
91	73
91	60
27	83
63	53
99	83
78	73
83	67
98	58
99	67
66	73
86	53
86	73
98	67
72	73
85	67
72	67
72	33
95	58
86	73
93	60
86	73
95	53
100	73
94	67
78	73
85	78
46	73
100	73
44	73
90	60
85	73
56	73
100	73
91	73
56	67
94	73
91	73
89	73
72	72
79	67
51	58
70	67
89	83
99	73
92	73
9	67
72	83
61	73
88	53
83	73
87	67
88	78
63	73
63	73
94	73
100	67
53	73
86	67
78	73
91	73
9	80
51	73
93	73
97	67
91	53
95	80
78	73
92	67
99	58
90	73
91	73
100	73
92	67
92	73
69	67
59	67
52	73
97	73
85	73
97	73
46	53
85	73
96	73
100	73
89	73
89	89
96	73
97	80
90	73
63	73
85	67
11	60
89	73
96	83
100	67
99	73
90	73
85	58
85	73
67	67
85	73
90	73
87	78
97	60
98	73
63	67
94	73
88	73
99	73
88	78
91	80
80	67
85	53
83	73
57	58
91	73
78	83
72	73
53	73
78	73
90	73
63	60
22	73
98	73
91	67
86	73
96	60
83	53
97	80
94	73
94	80
86	73
56	67
31	83
92	53
85	73
46	73
99	67
98	73
87	67
100	73
73	67
78	73
72	73
85	73
93	60
94	60
96	67
90	83
93	73
91	60
63	73
63	73
99	60
72	53
63	60
85	73
26	73
78	73
34	33
16	67
56	58
25	73
84	83
99	60
93	73
83	33
31	73
46	73
18	67
100	73
56	73
97	73
72	73
92	73
56	73
63	60
88	60
16	73
85	83
73	73
71	73
83	73
56	73
73	73
85	60
89	73
94	67
96	73
50	73
51	60
85	83
86	67
19	73
86	73
92	73
100	67
87	83
51	67
53	73
99	73
88	83
86	73
63	60
85	60
83	58
97	60
83	67
91	73
83	78
63	73
94	67
53	73
85	83
99	67
84	83
84	73
90	67
85	83
85	78
97	73
91	73
92	73
97	67
83	67
99	73
43	73
86	50
85	67
92	80
83	73
91	67
46	67
78	80
99	60
83	73
83	67
91	73
21	73
85	83
86	73
42	73
87	67
100	80
56	73
78	67
95	73
91	73
92	80
18	78
90	83
89	73
98	67
86	78
86	67
56	67
85	73
90	67
93	73
64	73
28	73
43	83
83	73
67	73
90	60
85	73
92	67
97	60
90	73
87	33
94	73
90	83
88	78
94	73
91	80
67	78
46	73
59	67
83	83
75	73
83	73
100	67
100	67
72	73
63	60
97	73
66	80
51	83
43	53
82	33
95	83
83	67
97	73
88	67
95	80
90	73
100	73
85	78
97	73
83	58
85	73
73	73
83	78
63	73
100	53
42	73
63	73
56	73
95	73
93	67
95	73
78	73
98	67
86	67
43	60
87	67
93	60
40	73
88	53
95	58
94	73
17	67
90	73
82	80
72	83
90	83
93	73
86	80
100	78
90	73
96	73
99	58
89	67
87	73
98	73
93	80
95	78
85	73
94	73
78	67
100	73
90	73
87	67
83	67
97	73
85	73
92	83
90	73
99	58
56	73
92	73
86	67
67	58
86	67
62	73
95	73
87	67
83	83
94	83
79	73
72	67
78	73
92	67
78	73
100	73
84	73
85	53
93	73
86	73
86	78
96	73
97	60
93	67
99	67
16	67
16	67
100	73
83	73
56	73
72	33
63	73
92	73
98	73
67	73
83	67
63	73
99	60
86	78
93	67
11	60
80	73
92	73
13	73
86	83
86	83
88	67
56	73
85	73
85	73
94	53
92	67
78	73
83	73
83	73
100	67
97	73
52	73
97	73
92	73
88	73
46	73
72	60
90	73
91	53
83	73
93	60
83	67
28	80
85	80
96	73
97	78
71	73
87	58
40	73
73	80
97	73
56	73
26	73
88	73
98	83
20	73
93	73
88	53
55	78
91	58
92	73
99	67
99	78
95	73
87	80
91	73
97	50
92	67
85	73
86	73
86	67
91	67
70	53
87	73
99	73
98	73
75	73
91	73
83	73
88	73
99	83
85	67
100	73
83	60
83	60
86	67
86	67
61	83
96	67
97	73
100	60
100	83
95	83
86	53
26	67
70	58
51	58
87	73
18	73
89	58
72	67
99	80
28	67
40	73
91	67
86	73
30	73
42	80
85	73
99	73
86	73
89	83
69	73
92	73
22	73
97	83
85	73
93	67
88	53
88	83
28	53
99	67
63	80
87	78
61	67
56	73
99	58
78	60
99	78
99	73
43	73
21	73
92	60
42	73
70	80
78	83
95	53
78	58
99	80
89	73
97	73
48	67
90	73
85	73
83	58
90	60
98	73
84	73
87	67
56	67
97	60
86	83
89	80
83	73
56	73
93	80
95	83
86	73
94	73
94	73
92	67
88	53
90	60
78	67
99	73
99	67
99	73
100	67
98	80
72	72
90	80
99	73
85	73
86	73
83	73
90	73
86	53
87	73
32	73
89	73
72	73
86	89
83	60
100	73
34	73
83	67
100	73
82	67
97	83
89	83
99	67
82	67
98	60
86	83
94	73
89	78
88	83
86	73
83	83
97	67
86	89
86	73
83	60
83	42
87	67
87	80
46	67
92	73
100	78
86	73
100	73
51	73
86	67
83	60
87	58
63	67
98	83
78	83
13	73
69	73
94	67
99	73
93	73
83	33
90	73
93	73
88	73
99	73
98	73
98	73
90	53
99	83
89	73
97	73
85	73
94	67
93	73
88	73
78	73
52	53
94	80
94	73
94	80
54	53
97	73
94	80
54	53
61	73
85	73
78	73
46	67
61	67
43	73
93	67
84	50
89	73
86	78
86	73
91	73
91	67
83	73
86	73
90	60
88	73
91	73
83	73
88	67
88	73
83	89
79	80
100	67
27	67
97	73
86	67
62	67
70	73
90	50
95	53
98	73
98	67
90	58
94	73
46	73
93	73
90	73
87	42
85	73
63	73
88	73
63	73
85	73
87	73
56	67
73	73
86	73
98	58
83	83
85	73
78	73
83	83
83	60
91	73
97	80
63	67
85	60
83	73
85	83
56	67
85	53
86	53
26	67
98	73
70	73
56	73
63	60
47	73
89	53
27	67
88	53
83	67
96	53
96	80
90	73
28	73
72	58
63	60
91	78
98	50
95	83
51	60
86	67
93	60
63	53
86	67
87	53
26	73
85	78
91	53
100	73
99	53
86	67
92	73
90	83
72	73
64	53
85	60
90	67
23	73
72	73
43	83
83	58
94	58
24	60
100	73
72	73
98	67
86	73
84	73
85	83
98	53
97	60
91	73
89	83
100	83
94	67
73	73
85	73
89	73
88	80
98	73
95	60
97	73
56	73
92	60
83	73
86	73
72	78
100	58
63	58
78	73
93	53
100	73
86	67
87	73
98	83
83	67
51	73
70	53
79	73
99	53
85	73
21	73
79	67
87	73
97	67
92	83
56	73
97	73
90	73
51	73
100	67
96	73
61	67
76	67
84	73
83	60
90	67
78	67
83	73
83	73
93	67
97	67
94	73
100	60
85	73
70	73
73	73
97	73
89	73
87	67
99	73
73	78
89	73
88	73
99	67
78	73
86	73
98	73
54	53
93	73
86	53
89	73
33	80
43	73
83	73
90	58
91	67
56	73
85	42
63	58
97	58
95	73
13	73
56	73
63	73
88	53
72	73
86	73
63	60
84	73
100	73
63	73
83	73
91	73
83	73
100	73
86	53
80	58
98	67
93	67
83	60
71	50
70	73
99	78
63	53
99	80
90	53
61	73
94	53
93	73
67	67
99	73
90	60
99	73
90	83
34	73
84	83
43	53
88	73
87	67
89	83
88	58
86	73
86	67
85	73
89	73
89	78
91	73
78	67
46	73
53	73
99	80
83	33
88	73
93	78
27	83
90	67
83	73
90	73
94	73
99	73
86	73
85	83
12	67
96	53
23	73
78	73
89	73
9	67
86	73
98	53
83	67
43	73
72	83
89	67
83	53
94	80
56	73
91	73
86	80
91	73
89	78
99	73
97	73
83	58
99	73
99	73
94	83
92	67
67	73
92	73
16	67
90	73
67	58
83	42
97	60
56	73
97	58
83	73
67	73
72	60
83	78
98	33
87	67
42	53
91	80
56	73
84	53
100	73
71	80
56	58
92	58
63	73
42	78
98	78
85	60
86	73
40	80
88	67
86	78
96	67
92	73
93	83
85	73
93	53
51	73
94	73
97	67
90	73
100	67
87	67
97	73
86	67
39	50
16	67
88	58
21	60
100	73
91	73
35	73
86	60
85	60
86	73
39	67
97	73
89	67
91	73
88	53
99	83
88	73
90	53
100	67
90	73
95	73
85	73
46	50
88	60
93	58
78	60
93	73
51	73
71	73
83	78
91	83
89	83
85	67
88	73
78	73
97	67
89	67
61	50
88	60
92	83
93	67
92	67
100	73
97	53
83	73
66	73
94	67
73	73
100	83
86	67
92	73
99	80
87	73
71	80
72	83
83	50
51	73
97	60
69	67
95	67
91	73
83	78
13	73
98	73
83	53
100	73
88	67
83	73
86	73
94	73
94	58
72	67
87	73
89	83
87	67
100	73
86	50
61	73
99	73
63	73
90	73
85	78
63	60
32	73
91	73
83	67
90	53
63	83
63	80
100	67
95	58
63	60
94	58
95	73
96	67
94	73
83	53
100	73
95	73
98	67
56	73
86	58
28	73
97	67
66	73
92	73
89	67
88	67
72	58
66	73
90	67
21	78
92	73
91	73
91	73
83	53
85	73
87	67
86	73
87	67
84	73
85	73
85	67
83	53
72	83
88	73
94	53
96	80
91	53
63	73
98	73
83	73
78	67
56	53
63	67
56	73
72	53
89	73
100	73
94	67
89	73
56	73
83	80
46	50
96	53
63	73
80	67
83	67
97	50
78	53
85	73
90	58
83	73
80	80
78	73
83	80
86	73
56	58
95	73
90	73
78	73
95	73
86	73
97	58
62	73
66	73
53	73
83	60
92	73
91	67
86	53
86	58
90	73
97	42
92	60
73	83
85	73
91	67
97	67
100	80
90	73
90	83
83	50
86	73
83	72
89	73
79	60
56	73
40	73
87	42
98	83
92	60
91	58
67	80
88	73
87	73
99	53
46	60
67	73
63	73
87	67
68	73
72	73
83	67
51	73
83	67
94	58
85	73
85	73
85	67
63	60
17	58
90	53
86	89
83	60
89	67
87	80
95	73
43	53
85	73
100	67
85	83
40	80
86	67
87	73
94	60
86	60
90	73
86	83
92	83
72	58
88	73
63	60
83	73
93	73
89	58
98	67
70	73
93	80
93	73
72	60
96	73
72	67
51	73
72	73
88	73
27	83
72	73
85	80
69	73
91	83
43	83
87	58
92	73
94	80
92	80
87	67
20	73
91	67
95	67
94	73
51	33
85	67
64	73
100	67
93	73
87	78
98	67
100	60
50	67
85	73
91	73
96	73
92	73
51	60
100	67
67	73
86	73
86	67
84	73
86	73
83	73
87	73
67	73
90	73
86	67
90	73
83	53
80	60
90	58
98	73
90	73
95	83
94	50
64	73
96	73
80	67
78	67
78	73
95	60
97	73
96	80
96	83
86	73
83	83
21	83
94	67
78	67
86	73
86	53
84	73
85	67
96	60
92	73
92	73
93	67
86	78
96	73
94	67
66	73
85	67
94	73
43	83
21	83
62	67
20	78
35	60
72	73
86	73
23	67
93	80
57	67
99	67
97	67
99	80
82	80
89	83
94	53
35	60
9	80
85	73
88	73
88	73
93	73
92	73
96	73
94	58
90	60
95	53
85	73
88	73
86	73
91	67
89	67
89	73
16	67
91	73
95	58
85	73
83	53
17	67
51	73
94	73
52	53
63	53
91	73
92	67
66	73
21	83
96	80
63	67
78	73
85	73
100	67
86	53
91	67
78	73
90	73
87	73
83	73
93	73
90	58
92	60
78	73
93	73
92	73
97	58
95	73
100	67
88	73
92	73
85	67
55	78
85	67
90	73
94	58
87	53
66	73
83	60
85	73
78	73
85	53
94	73
89	83
85	73
100	53
97	73
94	58
100	80
91	80
97	73
89	73
93	58
83	67
86	67
63	83
90	73
99	60
90	60
67	83
86	73
42	73
86	58
83	80
85	73
85	73
67	67
89	83
94	67
88	73
53	73
99	67
100	73
72	73
83	83
86	67
59	53
94	80
86	73
83	73
87	73
47	73
98	60
93	67
96	53
100	73
21	73
50	73
91	67
78	73
100	73
89	73
66	83
95	60
99	53
63	73
78	73
84	53
98	73
78	73
86	60
67	73
74	73
90	73
99	73
83	67
85	50
83	73
91	58
91	73
89	73
83	53
95	73
90	78
67	73
83	73
96	73
75	73
83	67
83	58
100	73
91	73
86	78
51	73
95	80
67	67
92	60
99	73
71	83
99	73
83	53
94	73
89	60
92	53
88	73
91	73
90	73
94	73
56	53
83	53
83	78
89	67
63	80
71	73
42	67
72	60
91	73
83	53
59	67
86	73
85	58
71	50
83	83
94	73
98	58
98	50
70	73
100	67
87	78
94	73
93	58
56	73
95	60
78	73
83	73
34	73
28	53
87	78
83	73
70	73
98	73
72	58
86	73
51	73
85	73
89	67
83	73
83	53
63	60
51	73
61	67
59	73
86	73
96	73
93	73
86	67
85	78
98	73
56	58
78	67
87	73
88	73
88	73
53	73
56	73
88	73
86	73
98	53
89	73
93	73
46	67
72	73
99	73
88	83
59	53
98	80
87	67
78	73
71	73
90	73
92	73
86	80
73	73
83	73
20	73
94	67
70	72
88	73
98	73
90	83
73	73
59	73
94	67
72	73
83	58
69	73
78	73
63	73
59	67
91	67
46	60
72	67
92	73
97	80
91	73
17	67
55	67
73	89
88	73
42	73
95	73
100	67
89	67
62	50
91	73
91	73
99	80
90	73
74	60
72	73
70	80
89	80
92	58
90	83
9	67
56	73
91	78
99	73
97	73
90	80
83	73
62	80
93	73
94	58
97	67
85	78
85	60
87	67
88	73
36	58
56	73
55	73
99	60
99	73
92	60
87	73
85	50
89	73
86	73
83	80
88	78
63	73
70	53
86	73
92	73
43	67
91	78
85	80
97	73
83	83
91	73
93	73
93	83
88	60
89	73
90	73
83	73
83	73
97	83
56	53
96	67
91	67
94	78
97	67
83	58
94	58
99	73
72	73
86	73
86	73
89	53
93	53
88	67
86	73
51	58
78	67
100	73
60	78
98	73
94	73
46	53
78	73
61	73
71	73
99	73
99	83
79	60
53	73
90	73
86	73
100	73
88	67
73	73
62	83
88	73
83	73
66	73
59	73
89	73
100	80
83	60
86	60
67	78
94	53
83	73
66	83
8	80
83	73
86	73
72	53
94	73
72	33
99	67
89	67
91	53
93	53
89	73
89	60
88	73
87	53
86	67
73	73
99	60
85	50
91	73
98	73
94	60
94	67
91	73
56	53
89	73
96	73
87	73
91	60
92	73
89	58
85	60
91	67
94	53
83	73
90	73
87	73
20	78
85	73
89	78
63	58
86	73
87	73
67	73
93	53
86	53
88	83
87	60
77	73
98	80
87	60
98	73
63	73
99	73
87	73
92	72
85	53
98	60
91	60
88	67
85	80
85	83
85	67
83	67
85	73
95	73
93	73
21	83
91	83
93	67
88	73
72	73
93	53
89	73
87	73
83	67
98	73
78	78
89	73
72	73
98	83
78	73
99	80
87	60
17	58
56	60
86	80
100	83
98	73
91	58
50	73
83	73
72	73
87	53
93	67
79	73
63	60
64	53
12	67
95	73
86	67
85	73
100	58
78	67
83	83
86	83
91	67
100	73
90	83
97	73
69	67
75	73
95	73
72	73
89	83
83	58
72	73
94	53
83	73
63	67
56	50
97	73
91	73
92	73
83	83
91	80
91	67
98	73
85	78
97	73
63	60
88	58
53	73
99	73
100	73
87	73
89	73
74	67
91	53
91	60
99	67
56	73
90	60
96	73
86	73
92	73
66	83
63	60
83	73
83	73
72	67
94	67
98	89
95	73
94	67
72	60
94	67
88	73
63	80
62	67
92	60
63	73
95	58
88	73
26	73
83	67
63	67
56	73
97	80
85	60
83	60
88	67
94	83
100	60
90	73
53	73
59	73
90	73
83	73
92	73
71	73
85	73
86	73
72	67
83	73
97	80
91	53
93	73
89	73
85	73
93	73
39	73
85	73
83	50
90	80
98	73
95	73
83	73
96	73
91	73
70	80
59	67
60	60
100	67
63	73
86	73
89	73
80	67
72	33
85	73
85	58
85	73
40	80
98	67
74	53
83	53
63	53
72	60
78	73
72	73
95	73
80	58
93	73
92	67
30	60
93	73
79	53
88	83
85	50
56	67
78	73
51	73
93	73
90	80
96	73
99	67
86	67
86	80
83	67
78	73
91	73
93	78
87	73
86	73
56	83
85	50
23	67
63	67
78	73
95	73
64	60
89	73
91	73
78	73
62	50
83	53
90	67
86	73
52	60
89	60
93	53
83	67
72	33
95	73
92	58
72	73
91	73
62	78
72	73
97	80
69	73
64	60
90	58
94	58
88	67
86	78
86	73
18	67
62	73
99	80
56	89
95	73
97	73
90	73
89	60
59	83
97	73
84	83
87	73
85	60
51	73
92	73
83	73
47	73
98	73
93	83
90	73
41	53
56	73
63	67
96	67
78	73
73	53
63	53
96	67
91	73
91	73
86	73
52	60
95	73
92	83
80	73
83	73
98	73
83	73
25	73
92	67
86	67
51	73
88	73
92	58
100	67
78	83
63	73
94	53
94	58
64	60
83	73
92	67
86	67
86	73
96	78
94	67
83	73
50	58
72	83
100	73
62	50
89	83
89	73
87	67
98	73
83	67
72	73
100	67
83	78
92	58
97	53
50	58
84	73
98	73
90	60
61	73
78	73
75	60
83	73
100	83
97	58
97	83
88	53
83	67
78	73
94	73
71	53
97	58
72	58
99	80
87	53
85	67
91	67
89	67
99	53
78	78
59	73
99	73
85	80
100	78
93	60
90	80
73	67
67	78
94	73
71	73
61	67
86	53
93	60
89	73
93	53
10	50
85	80
92	80
94	67
95	73
72	73
36	67
98	73
76	67
85	73
78	60
94	73
86	73
93	73
88	78
93	73
97	73
66	53
23	73
86	73
99	83
71	73
42	83
78	83
73	73
86	73
63	73
96	53
63	73
26	80
83	73
99	60
83	73
32	89
83	73
52	42
62	67
86	83
85	67
85	73
85	73
20	78
90	73
96	67
91	60
91	33
85	60
42	80
83	73
98	83
99	73
31	83
87	53
57	67
56	78
86	60
56	73
88	58
86	89
87	53
52	73
83	67
85	73
85	73
100	73
83	33
71	73
94	60
98	67
78	78
94	73
95	53
41	53
100	60
56	67
85	83
72	33
92	78
72	33
91	73
91	73
91	73
95	73
98	67
87	60
72	53
53	73
64	73
89	73
92	67
71	73
87	73
72	73
66	73
83	73
99	67
92	60
97	60
89	73
92	83
75	83
17	67
83	67
85	60
94	73
95	73
79	73
90	73
88	83
96	73
85	83
94	73
71	67
99	80
83	67
83	89
80	58
83	50
87	73
72	83
72	67
86	73
63	73
92	67
83	60
67	83
38	73
92	67
72	83
79	67
88	73
26	73
85	67
78	73
100	73
63	73
99	73
83	73
93	73
85	73
88	73
85	67
100	73
88	73
92	60
100	67
67	67
93	73
98	80
73	67
89	73
86	67
87	67
86	78
85	78
87	67
97	73
69	73
94	73
61	73
72	60
73	73
83	73
98	73
91	73
89	73
99	73
83	73
34	50
85	73
90	73
85	58
56	83
72	73
78	53
96	67
88	73
56	53
86	73
94	73
83	53
73	73
97	67
73	67
78	80
93	73
96	73
96	60
95	53
75	60
83	58
42	73
85	60
78	73
94	53
83	58
72	73
78	67
100	60
31	80
94	67
85	60
83	73
88	73
69	67
87	60
92	60
99	67
96	53
56	67
67	73
93	78
94	80
84	73
97	60
56	73
90	67
35	60
56	73
96	73
99	73
90	33
99	67
85	78
22	73
88	73
98	83
86	73
87	67
83	73
86	73
95	73
78	60
85	73
51	73
92	83
98	60
94	60
64	73
87	80
100	73
43	83
99	73
100	78
91	83
96	53
83	80
97	60
83	83
46	80
83	73
51	53
93	80
93	73
95	73
85	80
83	60
8	83
87	58
83	73
84	73
56	73
90	53
99	60
18	67
56	73
72	83
88	60
83	67
46	73
99	73
67	73
63	67
40	83
78	73
71	73
30	73
99	60
83	73
94	67
94	73
89	67
86	80
78	80
72	73
62	50
90	73
81	89
56	67
78	67
74	53
46	80
90	73
83	67
73	78
86	73
97	73
91	73
95	60
85	73
71	73
86	73
99	80
53	73
63	80
86	89
43	83
94	58
86	73
91	60
89	53
100	67
72	72
86	73
100	67
95	80
98	73
21	83
96	60
31	73
96	73
88	58
99	58
100	73
90	60
78	73
56	73
91	80
56	60
93	67
83	73
72	58
8	80
70	72
63	72
88	53
56	53
99	80
90	73
90	73
89	73
96	67
86	58
83	67
91	73
96	67
97	67
91	67
97	73
63	73
97	60
89	73
85	78
60	60
94	73
85	53
72	60
39	73
92	67
26	67
87	67
93	58
83	42
66	73
90	73
93	60
86	78
18	80
72	73
89	58
89	83
85	73
44	73
78	67
100	73
83	73
53	73
89	83
97	73
92	83
83	60
85	83
56	67
86	53
40	73
94	73
97	73
62	67
86	73
83	73
72	73
91	83
98	53
65	73
53	67
100	80
87	67
95	80
88	73
98	58
85	73
53	73
85	73
41	53
93	73
54	73
85	73
99	67
94	53
100	60
71	73
92	73
100	73
88	73
96	73
56	73
92	73
83	73
63	83
70	73
87	60
23	73
98	73
92	58
85	67
66	83
97	53
92	67
86	60
93	73
97	80
83	73
92	73
99	67
92	50
86	67
32	73
100	73
83	73
93	73
96	73
84	53
88	60
91	67
100	53
94	73
65	67
91	73
87	80
83	42
85	80
79	73
28	67
90	67
89	89
94	67
94	67
96	67
100	80
100	67
70	73
71	73
89	67
90	73
27	67
43	60
99	58
95	67
87	80
88	78
88	67
88	73
89	73
85	73
78	73
96	73
78	73
83	53
13	73
86	67
63	42
98	83
100	67
78	73
83	73
78	73
87	73
95	80
66	83
11	73
91	53
83	73
90	73
92	67
94	67
97	60
86	73
94	58
85	60
88	60
83	58
86	67
86	83
90	73
94	73
85	67
88	73
26	73
88	73
78	73
72	73
83	73
99	60
88	73
96	73
65	67
94	73
86	73
92	73
88	78
100	67
88	73
86	89
56	67
91	73
72	60
63	53
86	67
72	83
87	73
17	67
94	73
100	73
97	78
98	73
88	73
63	60
94	60
99	60
87	73
89	67
78	73
85	73
72	67
33	80
97	73
99	73
63	60
91	73
90	73
66	73
90	60
89	60
93	73
71	73
46	67
85	73
78	60
78	73
83	73
87	53
63	67
92	83
99	60
96	80
91	67
98	73
93	60
72	73
85	67
63	73
86	80
99	80
46	73
78	67
66	73
100	73
56	73
86	67
94	73
100	73
81	73
72	60
67	73
84	73
86	67
93	73
93	73
47	73
72	67
86	73
86	50
86	80
63	83
90	60
91	67
72	58
85	73
100	73
87	73
92	83
92	78
99	73
91	73
85	60
86	58
34	33
83	73
67	73
85	60
90	73
91	67
50	58
98	73
86	73
86	73
94	67
83	67
85	83
56	67
78	73
92	58
84	83
94	67
90	53
83	73
54	67
89	73
85	67
87	73
95	73
78	73
83	73
87	73
78	83
91	73
86	83
88	53
88	53
100	73
90	73
11	73
89	80
20	73
90	73
98	67
93	73
70	73
99	60
99	67
93	60
97	58
98	67
72	73
85	73
46	67
86	53
72	67
97	80
90	67
95	73
63	80
88	73
93	67
89	73
92	73
93	73
74	73
90	67
83	73
85	73
97	73
90	78
78	78
13	73
93	73
97	73
55	78
93	73
97	73
87	73
88	83
85	73
73	73
100	73
78	67
90	53
63	80
95	53
42	58
80	60
80	73
57	67
86	67
90	60
39	67
83	80
71	73
52	53
83	78
90	73
85	67
98	73
91	67
72	60
63	42
89	67
70	67
72	73
36	73
98	53
90	73
95	73
85	80
40	73
91	58
93	60
46	73
83	73
72	33
95	73
88	83
77	73
97	73
91	67
83	67
93	58
45	80
85	73
98	33
86	73
85	58
87	80
46	67
96	73
97	58
31	73
93	67
98	83
90	73
88	60
99	53
88	73
94	58
88	73
34	53
35	73
85	73
56	67
59	67
39	67
79	67
91	73
97	78
86	73
54	73
96	73
92	83
86	67
79	67
56	67
74	67
89	60
95	67
64	73
28	73
99	73
96	73
100	73
97	73
53	73
63	60
61	67
67	73
83	67
86	83
61	83
28	83
89	73
86	58
89	83
87	53
63	89
89	83
94	58
78	83
98	73
99	67
56	73
72	67
86	73
97	78
78	73
95	73
56	60
51	60
88	53
39	58
95	80
97	73
94	60
88	60
39	73
87	73
85	73
93	73
91	67
93	73
93	58
56	67
85	73
83	58
94	58
43	73
86	78
89	73
87	78
90	60
90	73
83	73
71	60
94	78
96	60
86	67
46	67
80	67
83	73
97	73
87	78
75	73
54	53
90	67
66	73
70	58
86	73
97	73
94	58
87	73
98	73
83	73
96	73
85	73
92	73
56	73
97	73
83	67
100	80
94	73
93	67
63	73
17	83
63	60
56	60
90	67
78	73
85	73
92	80
100	73
67	78
83	73
71	60
88	60
85	80
43	73
70	73
83	60
50	67
63	80
99	73
86	83
85	73
91	73
83	83
100	73
93	53
69	80
87	73
97	53
88	60
99	73
72	67
70	42
85	60
56	73
88	73
42	58
86	58
93	73
86	83
99	58
88	78
63	80
56	73
90	67
83	73
92	67
63	67
72	67
18	78
30	73
74	60
83	73
83	73
97	73
78	67
94	67
86	58
61	67
47	73
97	73
92	73
90	33
91	73
72	78
79	73
59	73
86	73
89	73
78	73
52	80
89	73
86	73
86	53
91	60
91	73
85	67
78	60
98	73
65	73
83	60
83	73
71	53
78	67
60	73
99	67
78	73
94	67
97	73
27	67
85	73
99	73
43	53
87	73
86	73
98	80
77	73
80	73
93	73
95	73
100	80
88	42
87	73
94	60
94	67
89	83
86	80
16	73
88	58
99	73
89	73
62	67
78	73
89	83
85	73
56	58
59	67
66	73
92	67
85	73
56	73
86	73
93	73
89	80
84	73
86	78
96	53
86	73
92	83
94	53
91	73
89	73
88	78
94	73
93	58
99	73
83	73
83	60
21	73
70	58
83	73
97	73
83	72
100	73
94	67
88	73
100	73
86	60
86	67
88	83
90	73
80	58
100	73
86	67
98	73
47	73
46	80
85	73
94	73
83	83
9	67
86	67
98	67
90	58
88	73
100	80
62	73
83	73
90	60
56	67
51	60
97	67
91	67
85	78
71	73
61	73
63	73
94	67
64	60
85	73
94	73
93	73
83	78
61	73
83	60
98	78
93	67
21	73
94	67
92	73
88	67
95	58
85	80
86	73
83	73
67	73
86	83
86	67
96	73
72	58
96	73
90	78
90	67
94	73
26	67
100	83
78	73
85	73
56	83
51	73
72	60
83	53
92	78
97	83
100	60
56	83
100	78
100	67
86	73
83	73
100	83
89	83
75	73
89	67
42	83
90	80
72	83
90	67
94	80
100	67
94	53
61	67
93	67
83	73
91	73
83	83
86	58
99	67
85	73
95	80
94	73
78	73
97	67
90	67
78	73
97	80
56	78
67	73
88	73
96	73
72	73
100	67
45	73
97	83
90	80
93	73
91	80
87	67
95	67
78	67
63	67
99	80
87	58
87	58
90	58
93	58
32	73
63	60
87	78
85	73
48	83
78	73
85	73
96	53
72	73
86	73
78	73
100	73
100	73
86	73
33	80
72	73
63	67
97	73
100	67
98	73
86	67
98	73
85	67
90	80
89	83
100	53
97	67
70	73
56	83
87	73
92	83
87	73
100	73
100	73
91	73
60	80
96	73
84	83
87	58
86	73
94	73
56	60
98	73
98	60
87	73
93	73
98	58
83	73
21	83
89	73
86	89
100	58
90	73
89	53
99	67
94	73
59	67
86	67
85	67
93	83
89	67
88	67
87	67
100	73
90	73
83	73
86	78
93	73
86	73
99	80
99	83
93	80
99	83
83	73
78	67
26	73
92	60
27	53
95	73
89	67
96	73
93	73
83	73
72	73
83	67
100	73
8	67
46	50
59	73
99	73
91	73
92	60
72	73
96	67
72	67
88	78
63	60
64	53
85	73
72	33
73	73
40	73
85	73
93	83
93	83
86	67
94	73
99	60
100	67
86	78
89	78
93	67
92	83
86	73
72	67
86	80
94	73
98	53
83	73
86	73
78	73
83	58
63	73
72	83
98	73
21	73
92	60
46	73
61	73
85	83
61	67
85	73
96	53
100	67
70	67
90	67
89	73
83	73
95	60
87	33
83	67
89	80
91	67
83	73
86	73
99	73
93	67
69	73
97	53
86	73
88	73
80	67
33	80
62	67
90	60
85	73
94	83
87	53
18	78
72	73
96	73
86	60
90	73
83	83
28	67
87	73
91	33
51	73
90	60
86	73
93	73
72	67
88	67
86	89
94	67
79	60
86	67
89	60
80	67
72	67
92	60
61	50
87	60
86	67
98	83
100	73
93	80
96	53
98	33
85	73
83	73
59	73
86	67
98	73
94	73
88	73
95	73
28	73
82	33
72	73
88	67
86	73
85	73
96	73
53	73
83	73
83	73
83	78
85	73
92	78
83	73
86	67
93	67
93	73
85	73
92	73
63	73
72	73
78	73
100	73
94	67
63	73
86	67
94	80
92	67
100	73
98	73
94	58
84	73
61	67
51	60
78	73
86	60
92	73
98	60
95	73
96	60
83	73
98	73
73	60
81	73
13	83
64	73
87	73
94	73
34	53
99	80
99	80
8	67
86	73
47	73
86	53
83	50
66	73
91	73
90	73
89	73
61	73
91	67
97	60
64	73
88	73
72	60
92	73
98	73
94	73
97	73
86	78
72	73
51	67
67	73
85	83
86	53
93	73
97	80
97	73
96	53
99	67
93	53
80	58
85	73
92	72
95	83
100	73
91	73
94	53
78	73
99	73
67	67
75	73
86	67
100	73
83	73
83	58
95	73
99	73
83	73
91	73
98	73
86	73
74	67
91	58
63	60
88	80
87	58
86	80
83	73
88	73
83	73
78	67
92	58
98	83
88	53
99	67
78	67
86	83
91	73
85	78
85	50
85	80
94	73
22	60
97	73
70	73
92	73
94	73
93	67
94	73
90	78
85	83
97	73
99	67
66	73
99	73
34	50
68	73
72	67
98	83
88	73
78	73
100	60
93	73
89	73
97	73
72	60
70	73
85	67
95	73
85	80
18	78
63	60
86	73
67	73
86	67
98	53
93	73
90	83
61	67
100	73
85	73
86	58
18	80
98	73
72	83
94	67
42	73
68	73
42	53
92	73
90	60
98	73
99	73
62	83
85	73
94	73
56	73
89	73
88	60
83	73
93	67
65	67
90	73
87	78
86	73
98	73
43	73
94	73
83	73
89	73
99	73
74	60
89	58
85	73
60	73
85	73
84	73
95	78
83	73
94	73
91	67
56	73
95	73
85	67
80	67
88	73
61	73
83	53
96	73
84	73
83	73
83	72
72	67
56	73
97	80
40	83
72	73
85	73
97	73
91	73
97	73
98	73
63	67
97	60
85	83
85	73
56	73
85	53
100	73
99	58
90	73
89	73
78	78
91	83
91	73
100	67
99	60
72	58
91	67
69	83
86	53
73	73
83	58
91	67
95	80
72	72
85	58
100	80
89	73
46	83
72	73
65	67
73	73
90	60
51	73
56	73
85	80
83	60
46	60
63	60
87	73
90	80
89	73
90	73
83	73
71	67
99	73
85	80
93	58
98	73
88	73
40	80
90	73
94	83
63	60
99	73
95	80
55	78
94	73
90	58
93	67
90	73
70	67
62	78
78	73
40	80
86	73
75	73
83	73
46	83
87	60
83	67
53	73
97	67
63	73
85	67
91	60
90	73
56	73
51	73
100	60
71	73
86	73
91	83
95	53
43	73
88	53
91	83
80	80
85	67
88	60
62	73
93	73
78	67
78	73
93	67
94	73
63	67
98	73
85	73
86	73
87	60
73	67
32	73
91	67
67	80
60	73
74	73
86	80
90	60
86	60
86	60
83	53
88	42
90	67
47	73
91	73
69	73
83	73
56	67
94	80
86	73
83	67
42	58
72	60
89	73
89	73
56	53
100	73
94	58
83	58
91	80
91	73
63	67
85	73
92	58
98	67
87	73
66	83
59	73
88	73
99	73
63	73
85	73
71	50
86	80
89	80
53	73
51	60
95	53
100	73
71	73
67	78
97	73
99	60
72	73
89	42
98	73
71	73
88	60
93	73
66	73
17	83
95	58
72	60
69	73
100	67
93	53
100	73
84	83
97	73
56	73
87	73
83	50
85	83
79	73
72	73
91	73
94	67
51	73
9	73
28	83
88	83
53	73
71	83
100	73
97	73
78	67
26	80
93	78
86	73
91	73
91	67
86	67
92	60
74	67
42	58
90	80
86	73
86	53
88	67
87	78
100	73
73	73
88	73
97	60
86	73
86	73
94	58
97	73
97	73
70	67
33	80
96	78
100	67
100	80
72	73
94	67
94	67
62	73
99	73
98	67
88	73
96	73
27	53
35	73
72	60
78	73
28	83
85	73
85	60
71	73
95	73
92	67
88	67
98	53
73	73
90	78
86	73
93	73
89	60
63	73
96	73
98	73
72	67
59	73
63	53
80	67
83	73
62	50
88	83
89	78
94	73
94	73
96	89
8	67
28	67
85	73
85	60
87	53
80	73
86	78
46	73
87	60
63	60
97	78
85	60
94	73
88	83
85	67
90	58
95	78
72	73
40	73
86	80
94	67
72	73
99	73
56	73
93	53
100	67
98	53
76	67
72	73
93	73
90	73
90	73
56	58
83	78
98	58
63	73
92	73
92	78
91	78
89	73
94	73
85	83
72	60
88	73
85	60
91	67
89	60
95	73
85	80
83	73
93	73
83	60
63	80
51	67
71	73
78	73
85	60
83	73
97	73
83	83
85	78
69	67
91	73
91	80
100	53
99	67
67	80
72	58
72	53
100	67
71	83
78	67
99	67
95	60
43	53
96	73
85	73
85	60
88	78
83	67
94	67
26	67
43	73
87	73
72	73
86	73
86	53
72	73
83	67
53	73
55	67
94	80
83	50
90	67
83	50
96	67
83	60
83	73
91	73
93	73
86	67
88	60
88	67
90	67
71	73
28	67
92	73
86	73
85	73
97	73
86	58
17	67
71	73
97	60
85	58
72	60
94	73
89	80
83	73
92	83
100	73
85	73
85	78
92	83
83	73
92	78
85	42
96	73
67	73
89	67
91	73
99	83
72	67
64	73
95	58
99	73
83	73
25	73
96	73
63	73
87	80
90	73
90	73
90	53
90	67
91	67
83	73
90	78
86	60
78	67
86	67
94	67
86	58
86	60
59	67
85	53
89	67
91	60
99	60
98	58
72	67
93	73
92	73
23	67
46	73
94	73
100	73
91	67
96	73
94	58
72	58
97	60
100	73
89	73
86	67
98	73
91	67
100	73
89	83
83	73
86	83
94	73
94	60
72	60
90	67
96	53
9	67
90	73
84	73
42	80
62	50
83	73
66	73
90	58
100	73
97	73
63	67
95	58
95	67
17	67
63	73
92	67
85	73
39	83
88	73
83	73
51	83
44	73
87	53
86	73
83	53
94	53
35	60
50	73
97	60
70	73
88	73
26	73
52	73
87	67
94	58
85	67
78	67
86	67
52	42
40	73
53	67
92	73
72	73
97	73
94	60
85	58
98	73
51	83
67	73
100	60
85	73
86	73
92	80
95	73
78	67
60	73
85	53
23	73
99	60
83	73
85	60
28	67
67	83
92	67
88	67
75	73
85	67
92	83
92	73
94	73
21	83
97	58
97	73
90	73
56	73
56	58
91	80
97	60
8	67
61	73
86	83
97	73
78	67
85	67
80	58
83	67
91	60
91	73
78	83
99	80
91	50
23	73
86	73
97	60
100	67
89	73
95	60
100	67
86	73
56	60
43	53
78	60
23	73
91	58
93	73
92	80
80	73
85	83
67	73
52	73
83	73
83	83
91	83
78	83
88	67
89	73
88	58
27	83
94	67
93	73
86	73
89	67
85	80
88	73
96	73
92	67
86	83
52	73
19	60
94	67
99	73
90	60
98	67
95	80
90	58
85	83
100	73
86	73
99	80
70	73
94	73
83	73
88	73
85	83
46	73
100	78
93	58
93	53
96	53
78	73
86	60
61	73
100	73
46	73
87	73
98	83
66	67
51	73
24	60
72	73
51	53
91	58
28	73
87	67
89	73
62	73
91	73
86	67
93	83
83	73
100	73
96	67
90	67
86	73
98	73
61	50
86	80
74	53
91	73
89	78
72	60
91	78
85	53
83	73
88	67
88	67
85	73
96	73
89	60
88	83
97	73
85	73
71	50
71	83
93	83
72	80
95	73
94	53
78	83
78	73
99	73
85	73
88	73
88	58
73	78
92	67
89	80
90	58
83	80
79	80
73	73
16	67
83	73
80	60
97	60
85	80
83	60
56	73
83	73
94	73
59	83
85	60
86	73
86	58
72	83
95	73
51	73
86	73
100	73
89	73
83	73
88	53
83	73
93	67
100	58
39	67
56	78
78	67
62	73
88	67
94	73
56	73
85	73
65	67
28	83
85	80
89	73
78	83
96	73
86	60
97	67
99	67
57	58
67	67
73	67
88	73
100	80
63	73
86	53
38	53
60	73
93	73
83	53
83	67
83	73
81	73
98	50
74	53
72	73
94	60
91	67
96	53
85	83
78	73
89	73
87	73
86	73
63	42
91	73
72	60
98	33
17	67
87	67
91	73
75	73
72	60
89	73
89	58
85	73
96	73
86	50
98	73
94	73
86	60
98	73
85	73
99	80
92	73
84	73
72	67
72	73
72	72
89	67
90	67
46	53
69	73
92	73
87	73
20	73
56	83
78	60
93	73
87	42
88	78
60	80
86	73
67	80
97	67
86	60
42	73
87	73
86	73
72	67
94	73
93	80
83	67
96	73
94	73
88	60
93	73
83	73
100	80
100	83
88	53
75	73
42	73
94	67
83	53
92	67
72	80
83	50
90	60
88	73
59	73
98	73
87	80
99	73
85	73
86	73
90	53
88	73
63	60
61	83
89	73
93	80
94	73
89	73
97	60
83	73
88	60
73	67
54	67
99	67
72	73
56	73
56	73
90	67
93	73
34	73
92	73
90	73
85	67
35	73
91	73
96	73
98	73
91	73
98	73
39	73
85	67
89	78
92	80
56	58
91	58
94	73
97	78
86	58
81	73
96	73
73	67
26	80
63	73
100	80
69	73
92	73
98	53
97	53
83	78
97	67
83	73
92	58
88	80
83	73
100	73
42	83
56	73
18	80
100	73
63	67
98	73
100	73
87	73
53	73
85	80
94	73
86	67
91	58
86	53
53	73
86	73
92	80
86	73
91	53
84	53
85	89
85	73
100	73
26	67
27	73
71	83
87	67
97	58
91	83
13	73
86	73
100	67
86	67
63	67
83	73
98	73
89	67
86	73
85	73
72	60
72	73
96	53
100	73
93	58
96	67
63	73
59	73
94	67
59	73
82	80
89	73
85	83
23	73
94	67
87	42
91	73
89	83
85	67
89	73
85	73
83	73
71	53
79	60
42	73
95	73
59	67
85	73
89	67
90	73
95	60
74	67
26	67
78	73
70	67
83	73
94	58
94	73
88	73
87	80
83	78
85	58
63	53
84	83
70	73
96	73
99	80
97	60
18	80
100	83
75	73
85	80
78	73
67	67
87	53
93	53
94	67
86	67
97	80
81	73
63	67
93	83
86	78
60	73
43	67
87	53
53	73
92	67
99	73
94	73
87	67
78	73
83	73
63	60
95	73
84	83
86	73
78	67
42	78
86	60
95	73
91	80
88	78
46	60
93	83
70	73
56	60
51	83
46	73
89	73
94	67
36	73
78	60
46	60
93	67
95	73
94	58
83	73
83	73
51	73
99	73
78	80
72	73
86	73
56	58
83	83
79	53
97	78
83	58
63	73
97	67
88	73
83	73
16	67
78	73
46	73
90	73
83	73
99	80
28	67
98	73
100	80
93	80
63	67
86	53
93	67
96	73
23	73
34	53
51	73
84	83
56	50
90	83
83	67
85	73
85	83
83	83
71	73
83	78
87	67
85	83
97	73
16	73
46	53
91	73
85	73
83	73
93	83
91	67
96	73
43	53
73	78
86	60
99	73
85	73
62	67
88	73
90	73
90	83
83	73
90	73
100	73
72	60
95	73
93	67
93	67
90	73
85	73
97	78
99	58
89	73
71	73
100	73
85	83
63	73
87	67
86	83
86	73
100	73
67	67
95	67
100	73
94	67
46	60
83	73
93	67
90	53
78	73
63	53
85	73
98	67
42	73
96	67
88	80
99	60
63	58
97	60
92	73
83	72
84	73
72	73
56	73
56	73
99	78
84	58
83	73
71	50
90	67
78	73
100	67
71	60
66	67
56	73
16	67
86	67
100	83
72	73
99	73
96	73
85	33
99	80
85	78
63	67
83	42
100	80
88	83
92	83
85	73
72	73
65	73
83	73
78	83
93	73
61	83
95	58
54	53
72	73
83	73
85	80
97	67
67	78
94	73
83	80
86	73
98	73
96	78
55	73
83	73
85	73
95	73
99	73
56	73
48	73
69	67
85	83
83	67
99	73
73	67
94	73
18	73
97	73
80	73
94	73
90	73
83	73
43	83
56	73
99	73
88	67
53	73
88	53
99	73
99	78
99	67
89	67
83	73
86	60
79	60
89	83
89	73
89	73
72	67
85	78
60	78
86	73
70	73
87	58
59	67
99	73
92	73
88	78
73	67
96	73
97	78
78	73
62	73
98	80
88	73
87	78
72	83
99	67
85	73
70	53
96	73
63	73
85	73
90	73
92	73
86	73
82	67
56	67
95	58
59	73
16	73
83	67
91	73
89	83
89	73
95	73
83	73
83	73
88	60
91	73
94	73
98	83
50	58
92	67
100	73
94	73
86	67
83	50
89	58
85	58
91	67
97	80
100	73
67	73
66	73
60	78
93	67
85	73
86	73
83	73
91	67
94	53
70	60
94	50
83	89
88	67
88	73
100	73
78	73
88	78
83	73
94	67
91	50
100	73
83	73
83	50
46	73
59	67
90	58
86	73
90	73
96	73
99	73
91	60
30	73
55	73
99	67
83	67
87	58
67	67
70	73
71	73
96	60
71	73
78	73
89	73
98	73
78	73
61	73
90	73
86	67
83	67
99	78
51	73
88	73
93	73
96	73
100	80
93	80
59	53
83	73
86	89
88	73
87	73
88	73
78	67
99	73
83	83
88	83
99	73
100	83
83	78
100	67
86	73
96	60
83	80
95	58
87	73
95	58
86	67
99	73
85	58
92	83
59	53
85	73
87	73
91	67
86	73
89	67
78	83
100	73
52	60
63	60
86	80
95	73
85	73
62	73
90	80
42	80
86	67
87	80
99	73
83	73
98	53
83	73
87	78
93	73
88	83
90	78
83	73
88	73
87	73
94	53
96	73
89	73
87	73
85	60
92	67
89	73
93	80
89	83
78	58
97	80
85	67
88	78
94	73
89	67
56	73
94	67
53	67
83	73
97	67
100	73
97	73
85	73
40	73
100	67
42	73
94	83
85	73
83	73
89	67
84	73
91	67
97	60
99	83
86	67
71	53
94	67
83	60
96	67
60	73
71	73
89	73
95	58
91	80
85	73
99	60
95	83
21	83
97	78
96	53
87	58
95	73
92	67
92	58
66	83
92	73
100	73
52	73
75	60
55	67
62	73
100	67
87	73
88	80
71	53
83	73
72	73
87	58
97	80
90	73
83	80
88	78
80	58
96	78
93	73
85	73
73	89
94	73
91	73
86	53
94	67
94	58
72	60
98	83
83	73
83	73
94	67
99	73
92	50
97	73
98	89
85	67
100	78
42	67
83	58
56	73
100	73
98	73
84	73
100	73
72	73
85	67
62	67
78	67
88	73
88	78
34	50
61	67
81	89
83	73
83	73
85	73
70	53
91	73
63	67
83	60
85	67
89	83
86	67
95	73
94	67
95	67
94	80
63	73
72	67
28	53
8	80
95	73
86	73
83	83
97	80
63	60
83	60
62	78
78	73
69	73
28	80
78	73
91	80
83	73
31	83
90	67
83	73
89	67
90	73
86	73
48	73
88	73
18	60
93	80
86	83
83	60
94	67
27	73
97	83
99	83
94	60
83	67
95	73
51	73
62	67
90	73
90	67
89	67
67	73
93	67
43	53
86	89
84	73
36	73
69	73
88	73
98	73
56	73
78	73
95	73
72	83
83	53
85	83
59	83
83	67
46	83
88	73
94	58
86	67
85	73
56	73
88	67
86	67
40	83
96	67
88	67
92	73
96	80
94	73
71	73
89	67
91	67
78	73
96	73
19	60
98	67
86	78
56	78
94	83
56	73
92	67
23	73
93	58
80	67
83	73
89	67
63	73
72	73
89	78
81	73
92	73
93	67
86	78
87	60
43	83
83	73
66	80
100	53
88	73
50	73
83	73
70	73
88	83
99	67
31	80
89	83
72	80
85	73
95	80
89	53
99	67
88	53
98	53
67	73
91	73
86	78
99	73
99	73
41	53
42	73
66	83
89	89
93	60
31	73
87	73
86	73
100	83
66	73
73	73
43	67
85	73
46	60
78	73
92	73
89	73
40	83
83	73
99	60
93	67
93	73
51	73
85	89
83	42
89	58
97	73
97	80
46	60
91	60
72	60
85	73
97	80
85	73
89	53
90	73
89	83
98	83
86	73
99	83
40	83
83	72
87	73
83	73
89	67
91	67
92	58
88	73
72	60
86	73
83	53
100	73
79	60
86	78
86	53
100	67
46	73
90	53
97	58
86	67
56	73
83	78
83	53
79	73
92	73
89	73
46	80
93	73
63	73
87	73
85	73
85	67
81	73
99	60
53	73
86	53
90	83
83	60
94	73
72	83
91	73
96	73
71	73
91	73
83	58
61	73
63	83
90	73
72	60
91	73
13	73
56	67
94	67
39	73
75	83
94	73
97	73
86	73
93	73
83	73
56	73
72	73
83	53
83	73
96	60
92	60
88	67
83	78
92	73
94	80
34	73
27	83
79	73
94	73
100	73
85	78
97	73
67	58
92	73
98	67
72	73
86	67
85	83
85	73
83	53
94	73
95	73
100	73
93	67
93	80
100	73
97	73
86	53
99	58
95	73
90	60
93	53
88	53
100	73
89	67
56	58
78	73
78	67
95	73
78	73
91	67
91	80
71	80
86	80
83	60
93	73
99	67
72	73
50	67
83	73
69	83
85	73
88	73
87	73
86	67
98	33
21	80
100	60
97	73
83	53
63	60
92	73
90	73
91	73
85	83
94	73
90	73
83	60
88	60
88	73
92	73
83	67
93	53
93	80
86	67
91	33
16	67
85	73
31	73
73	73
93	58
98	83
83	80
98	73
92	60
100	67
40	83
91	78
86	73
93	53
79	60
78	73
40	73
71	60
63	60
97	73
93	73
85	89
97	73
78	73
88	73
50	83
99	73
59	73
94	73
86	53
93	73
89	73
78	53
93	73
85	67
69	83
96	80
78	67
25	58
90	73
98	73
96	78
85	73
90	67
72	60
89	83
94	67
83	67
100	67
98	73
67	78
50	67
26	73
93	60
55	78
78	73
85	53
89	73
92	83
83	73
91	67
100	67
86	80
87	73
84	73
99	80
90	60
86	83
63	80
96	80
72	60
88	50
84	83
84	73
99	73
99	67
98	67
83	73
90	73
97	73
89	73
90	80
63	60
59	73
97	73
88	83
97	73
86	60
89	73
92	73
63	73
84	73
25	73
88	67
18	67
78	78
98	73
86	53
98	73
91	67
98	83
94	83
95	73
87	80
97	53
63	60
86	73
83	73
88	60
45	73
87	67
52	73
86	67
18	80
89	67
86	73
21	73
83	73
63	73
90	58
88	73
36	73
97	60
93	73
52	80
71	73
89	67
91	60
88	60
94	73
83	73
89	73
97	58
99	73
27	67
65	67
87	73
96	73
91	60
92	73
99	58
86	53
85	73
88	67
63	60
93	60
87	73
56	73
85	83
85	73
97	80
93	67
46	60
94	78
83	73
72	73
52	53
88	73
43	60
42	73
91	67
100	73
100	73
93	73
86	73
99	67
100	73
85	73
86	73
92	67
56	73
51	83
100	73
90	73
92	67
89	67
56	73
83	78
83	73
87	53
95	73
94	73
97	58
63	53
63	60
53	73
86	67
45	73
40	73
86	73
94	80
92	53
83	73
56	60
90	78
72	73
94	58
86	67
99	73
99	73
83	78
100	83
78	80
83	67
47	60
98	73
85	73
98	73
60	73
83	78
94	78
100	73
88	73
97	73
87	78
83	83
89	73
89	67
92	73
90	73
98	73
88	73
71	73
99	60
85	73
92	58
86	73
83	73
90	58
87	60
63	67
23	73
78	73
83	73
91	83
51	73
63	60
56	78
56	58
99	73
91	73
85	60
53	73
53	73
87	67
93	73
63	67
99	78
86	67
59	73
88	83
83	67
56	73
86	73
9	73
87	73
91	73
100	67
90	60
90	73
86	73
63	42
63	73
95	73
67	73
70	73
88	67
85	67
95	53
88	80
99	73
72	83
85	80
93	73
83	50
91	67
93	73
95	80
86	67
83	53
87	60
94	73
85	73
94	67
63	58
83	60
84	73
85	80
87	67
94	60
95	80
86	60
56	73
23	73
81	89
78	73
88	53
93	73
92	67
90	73
90	67
86	67
86	73
84	83
94	58
78	78
92	53
97	73
56	67
92	73
10	73
38	53
89	53
97	60
56	67
83	53
87	73
83	58
88	67
41	53
56	73
97	73
63	60
99	73
87	67
72	60
90	73
94	73
89	67
46	73
80	67
93	73
63	53
94	67
99	60
72	73
98	73
93	73
56	73
96	80
97	60
85	73
95	83
83	73
72	58
89	73
79	53
93	67
91	60
92	73
83	53
100	73
22	60
83	73
83	53
100	73
78	73
83	67
88	73
67	73
79	73
86	53
91	67
99	53
86	60
98	73
83	58
27	73
46	73
63	67
96	73
98	83
99	60
86	73
86	67
86	73
73	83
89	67
96	73
88	67
86	73
53	73
98	50
87	73
90	60
94	73
83	73
99	73
93	73
66	80
72	67
91	73
93	80
36	73
86	73
75	73
83	73
83	58
63	67
99	67
90	58
97	60
92	73
86	78
96	73
87	53
87	73
39	73
86	67
89	73
53	73
99	67
92	73
94	73
51	73
61	83
94	73
83	73
90	73
86	73
91	50
18	80
86	83
81	89
83	73
85	73
73	78
90	73
99	73
78	73
100	73
78	60
72	73
86	78
96	73
88	78
78	80
97	60
72	73
95	73
95	60
72	83
85	83
97	78
72	33
56	73
89	73
94	67
89	73
73	83
98	33
87	67
86	73
98	60
88	60
98	67
73	73
92	73
90	80
88	73
17	83
71	73
88	73
89	73
78	73
66	73
88	53
93	67
98	73
73	73
87	73
89	83
91	60
94	73
90	80
78	67
86	60
45	80
39	73
91	60
90	73
99	73
94	73
83	58
85	67
99	80
94	73
83	73
100	67
87	80
90	58
28	53
86	73
84	83
91	67
89	58
72	73
88	80
100	73
53	67
83	67
69	73
92	80
91	67
85	60
85	67
92	60
95	58
51	60
86	67
85	73
74	80
80	73
83	73
86	53
100	73
78	53
84	73
63	73
83	73
91	67
85	33
50	73
89	53
93	73
85	73
63	60
98	73
90	73
18	73
63	80
99	73
78	80
90	53
98	67
97	80
69	73
90	73
46	73
61	67
85	53
94	58
46	53
99	58
89	73
56	58
63	72
96	73
89	73
95	67
99	73
21	60
92	73
92	67
89	53
87	58
94	67
90	67
43	60
94	80
98	83
86	73
100	83
87	73
42	67
99	60
96	73
97	60
89	73
96	80
96	67
95	60
42	73
71	73
85	80
86	50
83	67
81	73
94	73
88	53
88	60
83	73
50	83
90	80
46	50
86	73
99	67
95	53
88	73
86	67
96	73
86	73
88	53
80	73
95	60
96	67
60	80
85	73
94	60
67	80
91	73
16	73
90	73
63	73
86	83
73	83
72	73
89	67
83	60
56	73
97	60
99	67
86	73
91	80
56	78
88	73
91	73
59	73
36	67
86	80
98	83
86	83
93	80
97	73
87	58
89	80
74	73
80	58
87	73
83	73
60	60
90	67
100	73
56	73
94	73
83	73
56	73
93	73
92	73
97	80
100	73
83	73
72	67
93	67
86	67
93	80
83	73
47	73
30	60
57	67
99	73
91	73
59	73
87	73
98	73
83	50
61	73
95	73
87	60
40	73
78	73
51	73
95	73
90	78
72	73
83	53
78	73
91	73
56	89
100	67
96	73
89	73
63	80
88	60
99	83
36	73
89	73
83	73
92	67
89	73
51	83
63	53
97	80
56	67
83	73
86	53
83	67
94	83
96	73
78	73
18	60
88	73
93	60
89	73
97	80
92	72
94	67
83	67
100	73
94	53
13	73
28	67
86	73
91	73
57	67
88	53
83	73
100	73
99	73
98	53
83	80
91	67
64	73
90	53
21	78
86	73
84	73
36	58
83	73
86	67
93	83
86	83
88	73
43	60
85	73
83	73
94	73
51	60
89	73
31	73
90	73
95	58
53	73
91	60
72	73
93	83
93	58
96	67
96	53
79	80
89	83
97	58
85	67
96	53
67	78
26	73
83	73
99	73
99	73
86	73
100	73
86	67
93	67
92	60
63	73
83	53
94	73
86	60
43	73
81	73
85	67
72	73
84	73
86	73
98	73
72	53
100	80
78	80
48	73
83	73
95	73
78	53
83	73
98	53
72	58
94	58
94	60
85	73
62	67
50	58
100	53
93	58
78	73
86	73
85	73
93	73
99	83
72	73
95	73
84	73
86	67
89	83
100	73
94	73
85	60
86	73
97	53
66	73
100	78
94	73
85	73
96	67
38	53
87	78
85	73
94	73
84	73
98	67
91	53
92	67
96	80
97	67
87	73
69	83
83	78
87	80
97	73
98	60
83	73
89	73
94	73
24	60
95	58
97	67
17	58
86	67
86	67
51	73
18	78
91	73
36	58
88	67
92	73
99	73
93	73
93	73
63	73
79	67
97	73
83	73
88	67
100	73
88	73
72	73
83	80
63	67
98	73
53	73
94	60
86	67
85	53
93	73
100	60
91	60
86	73
99	60
85	73
94	80
83	73
95	80
53	73
99	67
99	83
70	80
63	73
63	67
34	73
85	73
39	67
84	53
87	73
64	60
91	53
90	58
90	73
87	80
83	73
69	83
93	67
83	73
56	53
43	73
63	53
86	67
72	67
95	73
56	73
91	73
56	83
99	78
93	73
97	73
65	67
63	53
96	67
90	80
72	83
95	58
99	60
97	78
86	67
94	53
93	60
93	60
92	73
86	53
94	73
90	73
87	60
72	53
98	73
75	60
56	73
94	67
73	73
91	67
73	67
83	73
99	73
72	83
83	73
100	73
92	78
89	67
89	60
88	73
88	73
88	60
86	58
99	80
91	73
98	67
88	78
86	60
96	73
39	73
95	73
72	72
98	73
91	53
28	67
63	73
62	73
86	67
85	78
83	73
86	67
92	73
92	73
92	73
63	67
56	60
79	73
94	73
99	73
89	83
94	73
56	73
63	67
94	67
71	83
94	73
93	67
83	73
72	67
100	73
73	80
83	73
66	73
78	67
94	73
43	73
98	73
93	73
86	67
81	89
66	58
63	83
90	73
90	73
78	73
86	73
93	73
63	67
83	73
92	60
98	67
90	73
98	33
56	67
86	73
96	73
97	42
86	60
96	60
89	42
91	53
84	73
100	53
89	83
86	60
53	73
17	67
98	73
90	73
90	73
67	78
19	73
100	60
93	73
99	78
99	78
60	73
91	73
89	67
83	73
83	73
85	60
93	80
47	58
86	60
91	73
84	73
94	73
83	53
90	60
23	73
100	73
100	73
89	73
51	53
100	73
87	78
83	83
86	53
83	67
89	83
88	73
69	73
72	73
88	73
63	60
71	67
65	67
91	67
94	80
85	60
92	73
97	73
99	73
89	83
99	80
95	73
85	73
87	73
59	73
21	80
96	67
87	73
72	73
53	73
97	78
89	73
88	67
72	73
86	73
88	73
56	73
99	73
98	53
53	73
97	73
83	42
86	53
66	73
93	58
66	73
67	73
99	73
94	73
63	73
99	60
83	83
99	73
86	67
23	73
62	73
39	73
86	67
93	73
64	42
73	78
85	73
83	73
91	73
98	73
89	67
86	73
88	83
94	73
95	73
83	73
72	73
98	73
78	73
92	73
85	73
83	53
95	83
94	73
83	73
93	53
87	58
17	83
69	67
74	53
72	73
86	73
89	67
86	83
98	73
61	73
53	67
85	73
100	73
83	53
66	67
99	73
83	89
100	80
99	60
92	60
91	60
95	83
83	60
99	67
94	83
28	67
99	60
88	73
63	73
87	73
90	73
17	67
67	67
56	73
88	73
73	67
73	67
93	80
94	67
88	73
18	73
63	83
99	67
83	83
86	73
92	67
59	73
90	58
71	73
94	60
94	73
94	73
92	83
95	67
43	67
88	67
53	73
54	53
72	53
94	67
46	73
87	67
86	80
98	73
79	67
71	73
86	67
71	73
63	60
93	73
95	67
85	73
55	73
94	58
78	73
83	60
95	80
78	73
63	60
92	73
91	73
83	53
13	83
91	67
98	73
56	53
83	73
90	73
78	80
90	73
78	73
89	60
97	67
86	73
86	67
90	67
83	73
42	80
97	60
72	73
85	73
92	73
63	83
85	83
83	73
97	42
80	67
89	73
51	53
86	67
59	53
92	73
83	73
63	73
97	73
19	73
18	80
85	67
97	60
85	60
71	73
85	73
94	73
99	73
74	53
85	58
78	53
90	67
78	83
85	73
27	53
88	73
86	67
78	73
100	67
94	67
98	73
80	73
86	67
92	83
83	67
93	58
100	73
94	73
88	58
78	53
83	67
85	58
95	73
93	53
51	73
85	73
87	73
97	80
91	73
85	78
97	73
97	73
99	60
94	67
86	73
87	73
91	80
98	60
100	67
85	73
92	78
30	60
86	73
94	73
97	80
91	67
86	67
85	67
83	73
84	73
13	73
56	73
85	67
99	73
85	50
98	73
86	73
89	73
63	73
72	60
96	67
90	73
89	73
84	83
86	73
72	73
85	80
63	60
88	73
92	58
84	58
85	73
99	60
64	73
88	58
83	60
95	73
93	80
61	73
97	73
61	67
73	78
86	78
87	73
28	67
97	67
99	60
88	50
56	73
72	33
17	83
51	73
86	67
83	60
85	73
89	73
88	73
100	67
99	58
88	73
52	80
78	73
87	73
90	60
89	73
83	67
72	78
85	73
95	73
56	73
85	73
63	67
90	80
83	73
89	80
93	67
63	60
78	83
78	67
47	60
85	73
71	50
96	73
85	73
91	67
83	73
83	53
89	73
83	67
85	78
63	73
71	73
81	73
57	58
72	60
90	78
93	73
56	60
26	73
11	73
100	73
53	73
97	73
55	73
66	73
95	73
90	58
56	73
30	60
83	58
88	73
83	67
62	73
99	67
100	80
83	73
98	67
91	80
88	73
100	83
93	73
86	73
56	67
98	73
85	58
72	73
89	73
94	73
61	50
89	83
86	73
86	67
99	73
91	67
89	83
78	73
88	53
97	60
93	80
83	73
87	73
92	67
99	60
92	67
80	58
91	67
94	73
93	73
56	73
90	67
87	73
92	73
93	67
97	67
67	80
98	83
83	83
78	73
70	73
99	67
34	73
56	73
98	73
85	83
85	73
90	50
84	73
85	60
95	73
83	42
83	73
78	73
95	78
63	73
87	67
93	78
94	83
89	73
45	73
89	73
78	83
85	80
98	73
100	67
47	60
99	53
87	73
91	67
79	73
98	73
89	73
72	73
94	73
80	67
94	58
92	83
85	73
92	73
78	73
87	78
61	73
94	78
90	73
85	73
92	73
83	73
95	73
53	73
100	78
83	73
83	73
93	80
85	67
83	73
61	73
91	60
83	80
83	72
87	78
96	80
73	67
86	60
90	50
83	72
88	73
78	67
63	67
63	67
94	83
83	60
86	60
72	67
100	67
78	73
95	73
63	42
27	83
85	73
90	67
56	73
85	60
30	60
61	73
61	73
93	73
85	53
83	67
97	80
43	83
63	73
86	53
88	73
99	73
90	73
63	80
98	73
92	60
98	67
89	83
67	73
56	53
86	53
78	73
100	73
93	73
96	73
83	60
20	73
40	73
95	80
89	67
91	83
86	67
100	80
93	73
87	53
78	73
92	67
99	60
87	67
56	73
88	50
100	83
88	73
81	73
86	67
52	73
86	73
64	73
91	73
72	83
100	73
74	67
99	60
83	73
83	53
95	73
72	83
97	73
92	80
63	80
99	53
98	53
91	67
71	83
99	73
91	67
90	73
98	73
99	80
27	83
86	73
88	60
85	67
94	80
90	73
88	73
63	67
72	60
56	73
85	73
89	73
90	73
94	73
75	60
85	73
97	73
71	73
24	60
67	58
90	60
78	60
70	73
63	73
86	60
87	67
91	73
93	73
93	73
46	73
86	83
100	78
100	73
86	53
88	73
99	67
91	73
39	73
28	73
92	60
9	67
98	53
83	67
83	73
93	58
98	73
85	73
42	58
89	73
46	80
51	83
60	78
70	80
83	73
51	73
93	58
85	58
61	50
95	73
100	67
91	67
81	89
56	67
93	67
95	73
87	73
97	53
98	60
98	83
79	53
80	67
80	60
87	73
56	73
90	67
72	73
79	73
94	67
94	67
46	53
89	58
100	53
98	73
56	73
60	73
46	50
70	53
88	78
92	67
86	73
87	53
67	67
55	78
84	73
17	83
63	73
86	73
86	73
72	73
83	78
95	78
99	73
91	53
85	73
72	67
95	73
84	83
85	78
80	67
99	73
78	53
89	73
98	53
88	73
97	73
63	73
66	73
56	73
96	58
88	60
40	83
99	73
97	73
86	67
85	58
97	83
72	73
56	83
56	67
83	67
72	73
84	53
96	53
8	67
89	73
94	73
100	53
86	73
66	73
95	80
55	67
63	67
94	78
67	73
71	73
87	73
86	89
90	73
96	53
56	67
96	67
87	78
93	80
89	67
100	73
90	80
90	83
93	83
88	60
88	73
91	73
94	80
93	67
59	83
75	73
63	83
95	80
98	73
91	50
99	60
83	73
86	67
99	60
97	78
93	73
86	58
96	73
91	53
90	73
99	67
98	73
90	53
46	73
90	73
46	73
88	73
90	73
72	67
56	78
13	83
73	73
94	73
78	67
98	78
100	67
89	67
98	67
85	73
91	73
91	67
36	67
88	67
69	67
90	67
83	73
63	67
79	60
100	73
31	83
98	83
91	73
86	78
91	73
47	60
93	73
95	58
26	73
86	83
99	73
78	60
85	78
86	73
83	78
63	60
72	78
83	67
94	58
78	73
84	73
88	73
100	60
86	73
83	73
86	67
88	73
85	73
52	73
43	73
85	60
98	67
46	80
83	67
86	73
86	73
85	73
63	73
83	53
86	73
79	67
72	67
86	73
91	78
99	67
85	83
91	80
98	73
97	60
78	67
93	67
99	67
83	73
89	73
89	73
86	60
72	67
89	73
94	73
46	73
72	73
85	67
80	73
89	73
53	67
67	73
51	60
78	73
83	78
85	33
99	60
98	50
86	73
89	53
21	78
51	83
84	73
42	67
46	50
100	73
100	73
97	67
21	73
98	67
88	73
75	73
64	73
67	73
83	73
56	60
72	58
89	73
85	83
87	53
94	67
89	83
79	73
83	67
89	73
86	60
97	73
90	73
52	73
92	73
56	73
78	78
85	83
39	73
43	53
63	73
96	73
64	73
98	60
92	67
85	53
63	67
85	73
62	50
94	73
93	58
56	73
87	73
100	73
88	73
63	73
86	73
72	60
93	73
23	73
86	67
100	73
99	60
85	73
83	58
91	73
16	67
91	73
86	73
78	53
99	80
87	67
92	83
83	73
98	67
83	73
95	78
94	73
86	67
72	60
96	73
88	50
94	73
90	60
94	67
87	73
94	73
22	60
83	73
97	58
97	60
78	73
86	67
56	53
83	67
83	67
98	73
90	78
51	73
86	67
83	73
88	67
93	67
67	67
50	73
95	73
85	83
85	78
83	80
93	73
88	73
85	67
89	67
83	80
83	67
99	67
94	53
35	73
78	73
71	73
40	73
88	73
99	73
83	60
13	73
34	73
71	73
88	73
94	67
86	73
100	67
17	67
94	73
82	33
83	73
83	58
91	73
86	89
100	67
78	67
92	60
99	58
59	67
46	73
88	73
87	60
83	73
92	73
73	67
92	80
85	73
98	58
56	78
56	73
88	83
85	73
72	73
83	80
66	73
86	73
99	73
86	83
63	73
87	60
63	67
98	60
86	73
56	83
72	73
86	60
83	78
83	73
83	73
83	67
83	50
63	67
91	67
93	73
21	83
90	80
78	78
88	58
85	73
97	73
98	67
85	73
73	78
94	67
87	67
78	67
89	58
97	60
72	73
92	83
100	73
64	42
93	83
78	73
85	73
98	73
91	83
86	80
85	78
93	58
78	83
93	73
66	73
95	83
83	50
90	67
94	73
89	73
86	80
86	83
96	67
85	78
83	67
78	67
72	73
56	53
100	73
50	58
88	73
95	73
71	53
56	73
100	73
70	53
98	58
96	73
92	58
94	73
94	80
91	73
84	73
51	73
86	73
85	78
93	53
86	73
52	80
89	83
83	67
93	73
89	73
86	73
94	67
73	67
86	67
100	67
87	73
85	80
97	60
26	80
97	73
83	67
85	60
83	73
94	73
71	73
92	83
93	73
56	73
100	80
90	83
78	73
85	73
89	83
83	53
92	73
87	42
92	73
89	67
95	73
83	80
63	53
19	73
93	73
100	73
79	67
86	78
84	53
63	72
83	67
100	73
86	80
86	67
90	73
85	58
96	73
98	73
99	73
88	73
98	67
94	73
84	73
93	73
68	73
99	83
72	83
83	73
96	80
99	73
56	73
97	60
56	73
86	60
100	60
85	73
86	80
89	58
88	73
89	73
72	73
93	73
23	67
79	60
78	73
93	73
88	73
86	73
78	73
86	80
97	73
91	73
99	73
86	67
97	73
46	73
99	67
98	67
10	73
93	73
92	60
85	67
88	73
87	67
66	73
85	73
71	73
90	73
88	80
70	73
80	73
99	73
85	60
91	73
96	73
86	53
85	60
98	73
59	67
72	73
87	80
26	73
93	67
86	83
98	73
99	53
99	73
95	73
93	73
80	73
89	83
91	73
90	73
98	78
42	67
63	60
83	73
88	73
97	53
92	83
97	83
85	73
85	73
89	83
23	73
93	67
64	73
99	80
88	67
94	73
87	67
56	67
86	73
98	83
84	73
72	58
98	73
92	83
90	67
94	67
98	67
99	67
62	83
69	80
90	73
56	60
94	67
39	83
83	60
86	80
10	73
99	73
98	67
42	67
93	53
86	80
27	83
95	67
86	67
98	73
96	73
97	60
98	73
90	78
57	67
98	73
88	73
95	60
83	73
61	73
10	50
86	73
83	73
93	67
98	73
88	73
99	67
98	73
86	73
56	67
97	73
94	67
88	53
93	73
99	73
100	73
93	60
92	73
99	73
69	73
63	80
94	58
94	60
63	73
83	73
91	60
90	60
73	73
63	67
61	67
94	67
88	58
91	83
99	80
39	58
94	73
86	58
97	73
71	83
99	73
88	73
73	67
63	60
72	67
73	60
84	73
56	67
84	73
83	73
86	60
42	58
96	73
56	73
92	73
87	73
88	73
48	73
92	73
83	73
28	67
83	73
61	73
40	83
94	73
99	53
78	67
83	73
78	73
99	67
88	53
72	73
88	73
94	73
86	73
95	73
67	73
72	33
86	73
86	73
86	73
99	67
97	67
99	78
92	83
42	67
92	73
91	60
22	73
94	73
52	73
100	67
42	58
66	58
94	73
99	80
72	60
72	73
100	53
62	50
89	67
100	73
73	67
64	73
98	73
63	73
86	73
83	67
99	67
83	42
86	67
53	73
69	73
83	73
84	73
99	73
92	58
72	33
90	83
97	78
89	53
88	83
87	53
92	73
100	73
83	73
85	73
98	73
86	89
27	53
83	67
63	60
92	78
94	73
93	67
66	80
93	67
89	60
87	73
86	83
94	73
66	83
56	73
56	73
72	83
72	60
87	73
92	73
86	73
100	60
86	53
98	67
80	67
99	73
92	67
100	67
70	60
90	33
96	80
93	60
95	80
85	73
12	58
40	73
78	58
56	73
83	42
97	42
93	67
87	60
90	73
63	73
63	67
83	73
97	60
95	73
88	73
96	73
86	73
61	50
97	73
85	67
67	83
78	67
83	53
70	73
39	67
86	78
99	73
85	80
100	73
69	73
21	78
87	73
85	73
91	83
93	58
94	67
97	60
72	73
73	67
92	60
72	67
40	73
93	73
94	73
59	73
88	60
46	50
91	67
93	80
98	73
51	60
83	53
94	83
98	73
83	83
87	73
17	73
93	73
78	67
83	80
87	67
100	83
18	67
41	53
82	33
75	73
86	67
28	73
63	73
93	73
96	73
78	73
55	78
91	73
91	73
56	58
56	53
83	73
59	73
89	73
89	73
83	73
96	73
43	60
93	73
86	73
72	67
83	72
98	73
74	60
91	73
63	83
83	60
93	80
63	67
11	73
52	53
73	89
85	73
21	73
90	53
83	73
46	73
83	73
73	73
35	73
88	73
83	58
89	73
67	78
85	80
86	73
93	73
71	73
99	60
98	73
73	73
83	67
99	73
63	73
72	73
88	73
86	53
86	73
86	80
83	78
50	67
88	73
91	73
79	60
95	60
94	53
12	58
95	60
92	73
96	73
83	53
94	73
87	67
85	73
88	67
97	60
83	78
26	80
63	60
92	67
89	73
97	83
70	80
88	73
90	60
96	73
91	33
14	73
72	73
72	60
56	73
71	67
94	67
100	73
78	73
91	73
88	67
97	60
94	53
28	73
72	67
78	73
94	73
98	73
100	67
75	73
85	78
88	73
89	53
97	80
47	58
61	73
78	67
99	60
92	73
97	73
63	60
63	73
83	60
89	73
73	73
86	67
94	73
94	50
85	73
92	67
86	67
95	73
69	73
89	73
63	73
63	73
96	67
96	53
34	33
51	73
71	73
100	73
91	50
83	73
90	80
85	60
40	73
88	73
97	73
92	73
98	73
18	80
95	73
64	73
90	33
91	78
78	73
36	67
83	78
70	72
100	67
73	67
97	73
85	58
92	73
94	73
89	78
89	58
85	80
85	73
90	60
94	73
83	78
88	73
89	83
90	78
17	67
90	73
45	80
16	67
85	83
83	67
93	83
83	67
43	60
78	53
91	73
98	53
100	73
93	73
83	60
93	73
59	73
100	67
83	73
100	80
97	78
83	73
95	73
40	83
99	73
98	73
83	73
95	67
85	80
98	73
92	73
51	60
80	73
63	60
94	73
87	73
63	67
99	67
89	83
83	67
100	73
92	58
80	67
63	67
93	67
89	83
59	73
88	60
43	73
80	73
46	67
96	73
92	67
88	73
85	73
96	73
16	67
56	73
94	73
9	67
91	60
99	73
91	73
88	73
89	67
94	58
96	53
100	67
83	60
67	78
89	73
19	73
47	58
63	53
95	58
93	60
72	78
86	60
83	67
91	73
89	73
89	78
90	73
83	73
99	60
89	73
73	73
78	73
100	73
83	73
86	53
72	78
97	78
94	80
96	83
67	67
89	73
98	73
85	73
47	73
18	67
91	67
62	73
86	73
86	60
96	73
85	73
87	60
85	80
84	73
78	78
91	73
93	73
78	83
88	73
86	67
27	67
93	67
25	73
92	60
86	73
41	53
92	60
93	67
72	67
83	73
83	83
27	67
89	53
87	78
100	73
91	73
54	73
99	60
90	73
40	73
94	73
63	60
80	73
78	83
92	58
96	80
97	67
95	73
92	73
94	53
63	73
99	73
86	67
62	73
50	73
56	73
86	73
55	73
18	80
85	67
94	73
97	73
94	67
94	73
86	73
97	73
88	73
93	80
94	58
46	67
92	53
61	67
65	67
83	73
83	73
78	73
89	83
61	73
18	80
91	67
56	78
100	80
84	83
92	67
50	73
90	83
86	67
43	67
85	60
98	50
95	78
98	60
85	73
86	83
85	83
83	73
86	67
75	60
88	73
98	67
99	78
69	73
83	73
30	73
94	73
93	73
88	73
83	73
72	73
83	60
35	60
91	78
53	73
87	58
100	73
42	80
94	73
63	67
56	73
93	73
62	73
83	78
63	73
97	73
64	42
93	58
88	73
90	67
94	73
83	83
34	73
63	67
94	53
95	73
72	67
83	80
86	73
78	73
42	83
86	73
97	83
26	73
51	58
90	73
63	80
95	73
11	60
97	53
99	73
72	73
83	67
94	53
100	73
94	67
63	73
83	60
86	60
85	67
79	73
100	73
67	73
86	73
92	53
83	67
88	78
86	67
83	73
97	73
71	73
96	67
97	60
63	73
74	67
86	67
92	73
75	73
93	73
91	73
83	83
36	73
98	73
85	73
93	83
63	73
93	67
94	53
83	60
94	73
93	73
94	73
88	53
56	73
87	73
91	67
93	73
94	73
83	67
83	83
84	73
83	67
89	78
83	73
90	73
85	53
65	67
93	83
80	73
98	73
86	83
83	73
89	67
99	73
96	73
92	73
72	78
65	73
56	67
72	67
90	73
71	73
27	73
20	73
71	73
53	73
93	73
74	80
90	58
71	73
87	73
96	73
87	67
34	73
86	67
88	73
83	53
88	73
100	67
78	80
72	73
69	67
89	73
72	33
96	60
86	73
39	58
96	73
91	78
88	53
100	67
85	73
91	80
86	67
87	73
78	80
100	73
89	58
78	67
92	73
75	60
100	58
92	58
56	73
88	80
83	53
63	53
84	73
63	73
51	60
85	60
42	58
85	58
83	60
89	73
93	73
100	53
71	67
91	60
85	78
97	53
94	73
89	73
88	73
97	73
100	73
83	42
97	53
72	73
95	73
61	50
83	73
62	80
72	83
46	67
32	73
83	73
73	67
83	53
46	80
94	73
61	67
86	73
91	73
74	73
85	73
51	73
91	73
94	78
95	80
89	83
71	50
85	73
86	73
85	67
92	73
89	73
100	67
46	83
59	83
87	80
86	73
89	58
90	73
71	50
79	73
88	73
85	53
59	73
86	78
90	73
86	53
52	73
21	80
78	73
83	60
88	80
88	73
91	73
63	80
85	83
83	73
94	60
89	67
85	83
97	73
89	80
83	78
64	53
99	73
47	73
80	73
85	67
89	83
61	67
46	67
95	73
83	73
85	83
89	80
28	67
83	73
36	67
88	60
72	80
93	73
97	73
98	73
97	67
83	50
94	60
93	67
86	83
94	73
56	73
73	73
86	67
47	58
90	73
83	53
93	73
73	67
94	67
100	73
90	73
86	73
87	73
99	83
78	73
83	73
87	83
83	67
48	67
90	67
63	67
72	73
87	73
96	73
46	73
83	67
100	73
85	58
97	67
96	73
56	50
91	67
92	78
26	73
83	80
23	67
87	73
72	58
96	80
99	67
100	67
83	58
73	78
91	83
67	73
63	73
56	67
97	67
56	73
86	50
86	53
84	73
95	73
89	73
85	73
99	73
96	73
100	73
95	67
99	73
56	73
86	73
95	80
87	60
89	73
87	67
66	67
72	58
66	73
85	73
100	67
93	80
69	67
92	83
88	73
88	73
88	60
90	33
86	67
93	73
73	67
89	73
92	73
63	83
85	58
78	73
97	53
83	73
78	73
86	67
63	73
93	83
94	73
83	83
91	73
90	80
83	83
51	73
88	67
87	67
71	73
91	73
43	73
94	73
91	80
85	53
73	73
93	73
88	58
90	83
88	60
69	73
19	67
63	73
75	73
72	53
10	73
83	73
100	73
94	67
94	73
88	78
94	53
67	83
97	73
85	60
71	73
31	83
61	67
83	73
100	73
86	80
94	73
97	58
40	80
94	73
91	53
42	73
72	60
93	67
85	80
83	80
67	83
84	73
86	73
88	67
89	80
94	73
85	80
89	83
98	60
89	73
83	73
87	73
56	73
26	73
72	67
98	67
100	73
94	73
97	73
72	67
99	80
42	78
79	53
78	73
94	73
88	67
88	83
85	80
81	73
18	73
91	67
92	80
40	73
78	78
32	73
56	73
96	73
47	60
26	80
71	53
86	80
83	67
95	58
92	73
95	73
90	73
80	67
70	53
56	73
63	73
10	50
83	83
91	58
98	73
56	73
100	73
83	58
86	80
78	67
63	60
90	58
87	73
90	67
98	73
80	73
59	73
86	60
89	73
85	42
73	73
86	73
85	67
100	73
85	58
99	60
90	80
86	83
62	67
84	73
89	73
86	73
67	78
97	58
83	58
72	73
56	73
96	89
85	73
93	53
91	33
51	73
11	60
85	78
32	73
80	58
85	50
70	73
56	73
61	73
28	67
99	73
96	73
63	67
83	80
86	73
83	73
61	67
91	73
92	73
99	80
97	60
79	73
97	73
10	73
92	60
88	73
99	67
39	73
61	73
88	73
79	73
90	50
96	53
99	73
91	60
56	73
86	53
99	53
98	73
96	73
92	78
96	73
88	53
16	73
100	53
100	67
98	83
86	58
71	60
52	80
85	73
89	83
90	73
97	80
93	53
72	67
100	73
88	73
68	73
85	73
30	60
87	73
98	67
93	53
90	73
92	67
83	73
92	58
56	73
17	58
90	73
83	80
100	67
90	80
88	73
85	73
98	73
99	73
88	60
97	42
87	53
99	67
77	73
13	73
93	73
91	58
88	73
71	53
86	73
92	60
86	67
86	67
66	83
87	60
85	73
85	73
99	73
99	58
99	80
97	73
85	73
97	78
86	60
78	67
86	73
88	73
63	73
90	67
71	73
83	53
88	73
26	73
90	60
83	42
90	60
86	67
69	80
90	60
85	60
85	73
34	73
88	53
63	67
96	67
85	58
86	67
85	67
85	73
88	78
86	80
99	60
71	73
92	73
95	73
89	73
56	73
78	67
99	73
87	73
98	73
100	67
100	53
64	73
100	73
72	73
71	73
19	73
83	78
89	67
73	73
84	58
83	67
94	73
56	73
72	53
98	50
99	73
94	67
18	73
75	83
88	73
62	67
71	83
88	58
94	67
87	73
70	60
72	73
91	73
78	60
96	73
97	53
91	83
85	50
85	72
86	73
89	58
93	73
78	73
72	78
78	73
93	60
95	58
95	73
20	78
83	67
83	53
61	73
94	50
87	73
100	58
90	83
72	60
97	53
60	78
52	73
85	67
83	73
83	73
85	67
86	67
86	67
51	73
88	73
51	83
78	73
93	73
85	60
95	58
90	58
97	73
60	78
85	83
97	73
96	73
78	73
99	73
100	73
92	73
61	67
98	33
69	73
85	53
99	67
85	58
97	73
91	67
71	73
93	83
52	80
83	53
100	53
89	83
78	73
96	67
45	80
63	73
94	73
94	53
63	83
98	73
72	73
85	73
93	73
65	67
91	73
98	73
93	73
99	53
93	73
72	67
86	73
73	78
94	73
87	53
83	73
89	78
83	67
88	67
78	73
89	60
99	83
56	73
85	53
95	53
78	73
87	60
99	67
86	67
86	73
78	67
100	78
100	80
92	83
31	83
78	83
18	67
87	73
90	73
63	60
63	73
93	60
94	58
93	83
95	73
85	73
100	60
89	67
72	67
100	73
99	60
88	53
59	53
94	67
93	67
92	73
60	80
83	83
89	83
56	73
94	73
83	72
99	73
94	73
42	58
72	73
83	60
89	73
95	73
90	58
56	60
23	73
90	67
90	83
84	73
99	60
54	73
96	73
56	73
74	60
78	53
96	67
90	73
61	73
88	67
90	60
85	53
94	80
86	67
85	73
96	73
98	73
71	53
97	60
86	78
94	67
63	73
98	67
94	73
92	73
85	73
98	73
94	73
86	53
61	50
28	80
100	73
72	73
85	73
78	73
86	80
95	60
78	73
83	58
83	50
57	58
98	60
91	67
99	73
88	60
63	60
97	73
98	73
91	67
78	67
47	73
98	73
98	83
69	73
51	58
85	73
97	60
96	73
30	73
99	83
99	67
87	73
61	73
47	73
66	53
18	73
88	67
72	33
55	73
92	60
85	60
91	67
93	78
98	67
91	73
89	83
69	73
90	78
92	73
78	73
98	73
96	78
66	83
72	83
83	73
62	67
97	67
94	67
90	80
92	60
91	73
88	53
67	73
94	67
65	73
95	78
72	80
95	73
99	60
93	80
89	83
86	67
99	73
63	53
85	58
67	73
87	73
51	73
98	67
32	73
87	33
90	67
88	60
79	73
53	73
85	80
62	73
100	80
97	78
72	73
98	53
91	78
93	73
96	60
83	73
78	73
84	73
78	73
78	67
94	53
90	73
86	73
86	73
87	73
72	53
99	73
85	78
89	73
83	73
92	67
90	60
94	58
88	60
83	73
95	78
87	67
90	78
88	60
56	73
100	78
89	73
85	73
98	53
83	60
100	67
56	73
96	73
90	73
100	73
85	67
83	42
99	60
97	67
83	73
97	42
90	80
98	73
56	67
59	73
86	83
85	73
23	73
86	73
86	73
83	73
94	73
97	50
93	80
72	67
46	73
89	73
72	67
85	80
60	73
83	73
63	73
87	78
31	73
89	67
86	73
90	58
78	67
71	53
95	73
84	73
85	73
87	73
78	73
72	73
71	60
83	67
95	78
94	67
93	73
88	78
85	73
83	73
98	33
83	80
88	67
83	73
81	73
72	83
71	53
87	67
83	80
98	78
88	73
67	80
94	67
91	73
98	73
35	60
54	53
92	73
72	73
88	78
91	60
92	78
100	60
56	67
85	73
96	78
87	58
43	83
78	73
100	67
86	60
93	67
85	67
85	53
89	83
83	50
74	73
72	53
72	73
88	73
98	73
26	73
95	58
99	73
93	83
83	73
100	67
83	73
91	73
91	73
85	83
78	53
92	73
91	33
93	73
21	73
85	73
90	33
83	60
93	73
28	73
23	73
98	60
100	73
91	67
95	73
92	73
99	73
61	67
56	73
86	60
92	73
83	73
74	73
91	53
78	73
46	80
83	53
56	67
21	73
63	73
87	78
52	60
84	73
100	73
91	58
85	83
71	73
63	60
72	78
69	67
61	67
99	60
27	83
89	73
94	60
86	67
93	73
85	73
85	67
93	73
63	89
85	53
56	73
99	80
98	73
57	58
63	60
12	58
86	73
68	73
83	83
94	73
94	58
97	73
63	73
85	78
96	73
69	73
72	58
93	83
73	67
89	73
91	73
87	67
99	78
94	67
83	67
83	58
67	80
96	67
72	73
43	83
43	83
56	73
62	73
90	53
90	73
69	67
30	60
89	53
100	67
86	73
86	73
90	58
83	73
56	67
93	73
93	73
81	89
71	73
88	73
87	58
78	73
95	67
93	58
90	60
87	73
97	80
88	73
85	78
89	58
88	73
92	73
83	67
99	67
88	78
91	58
97	73
83	73
91	73
95	73
89	73
95	73
93	73
100	67
86	73
93	67
60	80
72	73
83	53
78	67
91	73
97	67
85	73
83	67
90	83
72	73
93	73
88	78
78	67
17	67
89	83
28	83
